0,2.1553242,pau,0
2.1553242,2.5734222,br,0
2.5734222,2.6341005,k,74
2.6341005,2.8635141,i,74
2.8635141,3.2600007,e,76
3.2600007,3.2957426,r,79
3.2957426,3.7545699,u,79
3.7545699,3.7944679,k,78
3.7944679,4.2383333,o,78
4.2383333,4.2590633,t,73
4.2590633,4.5841162,o,73
4.5841162,4.6846924,n,76
4.6846924,5.3047741,o,76
5.3047741,5.3845702,n,74
5.3845702,5.6048405,a,74
5.6048405,6.9156567,i,74
6.9156567,7.4659169,br,0
7.4659169,7.4958404,y,78
7.4958404,7.8570788,u,78
7.8570788,7.9353365,m,81
7.9353365,8.3745006,e,81
8.3745006,8.425138,g,81
8.425138,8.8947647,a,81
8.8947647,9.1241783,br,0
9.1241783,9.3338487,a,74
9.3338487,9.3652288,r,74
9.3652288,9.5655501,u,74
9.5655501,9.6046169,k,83
9.6046169,10.0634442,o,83
10.0634442,10.0850556,t,81
10.0850556,10.4150454,o,81
10.4150454,10.6311597,br,0
10.6311597,10.7816085,sh,74
10.7816085,11.173939,i,74
11.173939,11.5986867,N,76
11.5986867,11.6751579,j,78
11.6751579,12.1082176,i,78
12.1082176,12.125673,t,78
12.125673,12.5712009,e,78
12.5712009,12.8155763,i,79
12.8155763,12.8529807,r,76
12.8529807,14.1149373,u,76
14.1149373,14.649852,br,0
14.649852,15.0844128,i,74
15.0844128,15.1529352,ts,73
15.1529352,15.2648659,u,73
15.2648659,15.3582438,m,71
15.3582438,15.5386161,a,71
15.5386161,15.5953899,d,73
15.5953899,15.7580552,e,73
15.7580552,15.8485767,m,74
15.8485767,18.2433693,o,74
18.2433693,30.2136063,pau,0
30.2136063,30.6740959,br,0
30.6740959,30.7451709,r,69
30.7451709,31.3955851,o,69
31.3955851,31.5676453,o,74
31.5676453,31.6640655,f,74
31.6640655,32.2342747,a,74
32.2342747,32.3672681,n,69
32.3672681,32.5285226,a,69
32.5285226,32.6041626,r,69
32.6041626,33.1444483,a,69
33.1444483,33.3331327,sh,76
33.3331327,33.5351164,i,76
33.5351164,33.5642915,t,76
33.5642915,34.7204201,e,76
34.7204201,35.1376868,br,0
35.1376868,35.154311,k,74
35.154311,35.2997725,a,74
35.2997725,35.4053361,z,74
35.4053361,35.5925484,e,74
35.5925484,35.6358203,w,73
35.6358203,35.8832811,o,74
35.8832811,36.0536789,o,74
36.0536789,36.2988854,i,76
36.2988854,36.3354586,k,78
36.3354586,36.8358463,o,78
36.8358463,36.9971008,s,73
36.9971008,37.1832915,e,73
37.1832915,37.2531131,b,73
37.2531131,38.4350919,a,73
38.4350919,38.8523587,br,0
38.8523587,38.9038936,ky,74
38.9038936,39.3411094,u,74
39.3411094,39.5671218,N,73
39.5671218,39.5846536,t,74
39.5846536,39.7434144,o,74
39.7434144,39.8190544,ts,76
39.8190544,39.968672,u,76
39.968672,40.0293502,m,74
40.0293502,40.7375,e,74
40.7375,40.7541643,t,69
40.7541643,40.9436799,a,69
40.9436799,41.2337717,i,69
41.2337717,41.3966886,br,0
41.3966886,41.6443888,a,67
41.6443888,41.6901053,k,66
41.6901053,41.8530222,i,66
41.8530222,41.9145317,n,67
41.9145317,42.310187,o,67
42.310187,42.3933079,y,69
42.3933079,42.6144094,u,69
42.6144094,42.9653498,u,71
42.9653498,43.0532876,g,69
43.0532876,43.4813601,u,69
43.4813601,43.5237518,r,69
43.5237518,44.6201161,e,69
44.6201161,45.0648128,pau,0
45.0648128,45.6466589,br,0
45.6466589,46.2908456,a,69
46.2908456,46.3182755,k,74
46.3182755,46.5543388,a,74
46.5543388,47.1112487,i,74
47.1112487,47.264923,s,69
47.264923,47.4445634,e,69
47.4445634,47.4895688,r,69
47.4895688,48.0588266,o,69
48.0588266,48.1660526,f,76
48.1660526,48.4228961,a,76
48.4228961,49.5142731,N,76
49.5142731,50.0146608,br,0
50.0146608,50.0437531,r,74
50.0437531,50.1917082,a,74
50.1917082,50.2723355,m,74
50.2723355,50.4427333,u,74
50.4427333,50.4851249,n,73
50.4851249,50.6754717,e,73
50.6754717,50.7344875,w,74
50.7344875,50.8907548,o,74
50.8907548,50.9705508,h,76
50.9705508,51.1999644,i,76
51.1999644,51.2249007,t,78
51.2249007,51.8532945,o,78
51.8532945,51.934753,ts,73
51.934753,52.0893578,u,73
52.0893578,52.1533609,b,73
52.1533609,53.343249,u,73
53.343249,53.766737,br,0
53.766737,53.806635,k,74
53.806635,54.164886,u,74
54.164886,54.2538253,ch,73
54.2538253,54.3643761,i,73
54.3643761,54.4350288,n,74
54.4350288,54.6345189,i,74
54.6345189,54.8807837,i,76
54.8807837,54.9146363,r,74
54.9146363,55.6161764,e,74
55.6161764,55.6477624,t,69
55.6477624,55.7948863,a,69
55.7948863,55.8339531,r,69
55.8339531,56.064198,a,69
56.064198,56.275325,br,0
56.275325,56.3343408,t,74
56.3343408,56.4931017,a,74
56.4931017,56.5479614,ch,76
56.5479614,56.7067223,i,76
56.7067223,56.767256,m,78
56.767256,57.1788489,a,78
57.1788489,57.2423266,ch,79
57.2423266,57.4498229,i,79
57.4498229,57.4714343,t,76
57.4714343,57.9136374,o,76
57.9136374,57.9344176,k,74
57.9344176,58.3849327,e,74
58.3849327,58.4048817,t,76
58.4048817,59.0449125,a,76
59.0449125,59.3433164,br,0
59.3433164,59.7655704,a,78
59.7655704,59.7896755,t,76
59.7896755,59.946774,o,76
59.946774,60.0062064,n,74
60.0062064,60.2225,a,74
60.2225,60.4305374,N,73
60.4305374,60.48041,d,74
60.48041,60.8727405,o,74
60.8727405,61.1825,br,0
61.1825,61.2118736,k,78
61.2118736,61.6141787,o,78
61.6141787,61.8244745,o,76
61.8244745,61.8851527,y,74
61.8851527,62.248061,a,73
62.248061,62.3497984,cl,73
62.3497984,62.3747347,t,74
62.3747347,62.7745461,e,74
62.7745461,63.0380392,br,0
63.0380392,63.4384996,o,78
63.4384996,63.5043473,n,76
63.5043473,63.6775,a,76
63.6775,63.7861271,j,74
63.7861271,63.9947605,i,74
63.9947605,64.0346585,y,73
64.0346585,64.2540976,u,73
64.2540976,64.5732818,u,74
64.5732818,64.6422721,y,71
64.6422721,64.9016092,a,71
64.9016092,64.9257143,k,74
64.9257143,65.2724931,e,74
65.2724931,65.3853727,z,76
65.3853727,65.5882862,o,76
65.5882862,65.6149859,r,74
65.6149859,65.7951586,a,74
65.7951586,65.8641489,w,83
65.8641489,66.6646029,o,83
66.6646029,67.0190221,br,0
67.0190221,67.0436341,w,71
67.0436341,67.4609009,a,71
67.4609009,67.4874996,k,74
67.4874996,67.9222218,e,74
67.9222218,68.4043228,a,79
68.4043228,68.8124463,e,78
68.8124463,68.8806054,r,76
68.8806054,69.3253021,u,76
69.3253021,69.3543944,k,74
69.3543944,69.7051645,a,74
69.7051645,69.8057408,n,76
69.8057408,70.2936603,a,76
70.2936603,70.6610545,br,0
70.6610545,70.7541499,s,71
70.7541499,71.1498053,e,71
71.1498053,71.2337574,ts,78
71.2337574,71.5853587,u,78
71.5853587,71.6485305,n,78
71.6485305,72.3143287,a,78
72.3143287,72.5653538,i,79
72.5653538,72.6343441,y,76
72.6343441,73.9850583,o,76
73.9850583,74.4347422,br,0
74.4347422,74.8420345,u,69
74.8420345,74.9143496,m,74
74.9143496,75.365696,a,74
75.365696,75.3931259,r,79
75.3931259,76.0821979,e,79
76.0821979,76.1042873,t,78
76.1042873,76.2642326,e,78
76.2642326,76.3041306,w,78
76.3041306,76.7837381,a,78
76.7837381,77.0056326,br,0
77.0056326,77.0555433,k,74
77.0555433,77.2741512,i,74
77.2741512,77.6664818,e,76
77.6664818,77.6964053,r,79
77.6964053,78.2225604,u,79
78.2225604,78.5643429,a,78
78.5643429,78.6545695,w,73
78.6545695,79.0388074,a,73
79.0388074,79.1152786,n,76
79.1152786,79.7312043,o,76
79.7312043,79.7802456,y,74
79.7802456,79.9805669,o,74
79.9805669,80.032933,n,74
80.032933,81.3711791,a,74
81.3711791,81.8449681,br,0
81.8449681,81.9285058,h,78
81.9285058,82.2996392,i,78
82.2996392,82.3584631,b,81
82.3584631,82.7792467,i,81
82.7792467,82.844081,n,81
82.844081,83.4227686,i,81
83.4227686,83.7265928,br,0
83.7265928,83.7708787,m,74
83.7708787,83.9484766,a,74
83.9484766,84.004638,y,83
84.004638,84.444989,o,83
84.444989,84.8647494,i,81
84.8647494,85.1475,br,0
85.1475,85.205545,k,74
85.205545,85.5496654,u,74
85.5496654,85.6643722,j,76
85.6643722,86.06,i,76
86.06,86.0841326,k,78
86.0841326,86.424097,e,78
86.424097,86.555428,s,78
86.555428,86.9475,o,78
86.9475,87.0025,n,79
87.0025,87.1356117,a,79
87.1356117,87.264449,h,76
87.264449,87.618305,i,76
87.618305,87.7000024,n,74
87.7000024,87.8641265,i,74
87.8641265,87.9310784,w,76
87.9310784,88.7548063,a,76
88.7548063,89.2551939,br,0
89.2551939,89.379044,s,69
89.379044,89.8187535,u,69
89.8187535,89.8453521,k,74
89.8453521,90.1379376,o,74
90.1379376,90.2950361,sh,79
90.2950361,90.9292483,i,79
90.9292483,90.9841081,z,78
90.9841081,91.1721279,u,78
91.1721279,91.2293147,ts,78
91.2293147,91.6540623,u,78
91.6540623,91.9067498,br,0
91.9067498,91.947479,k,74
91.947479,92.1378258,u,74
92.1378258,92.1644245,r,76
92.1644245,92.5825,e,76
92.5825,92.6132772,t,79
92.6132772,93.0031141,e,79
93.0031141,93.0538179,y,78
93.0538179,93.5059954,u,78
93.5059954,93.5409062,k,73
93.5409062,93.8411777,u,73
93.8411777,94.0142655,s,76
94.0142655,94.6647004,o,76
94.6647004,94.6872822,r,74
94.6872822,94.8843076,a,74
94.8843076,94.9487551,n,74
94.9487551,95.2350865,i,74
95.2350865,95.3745526,s,73
95.3745526,95.5932308,a,73
95.5932308,95.6337407,k,74
95.6337407,96.4143948,u,74
96.4143948,96.7759706,br,0
96.7759706,97.1807692,i,78
97.1807692,97.251422,ch,81
97.251422,97.6288531,i,81
97.6288531,97.713574,b,81
97.713574,98.3693977,a,81
98.3693977,98.6021362,N,74
98.6021362,98.6328909,b,74
98.6328909,98.718017,o,74
98.718017,98.8747726,sh,83
98.8747726,99.3011827,i,83
99.3011827,99.3560479,n,81
99.3560479,99.7226055,i,81
99.7226055,99.995242,br,0
99.995242,100.1024679,ts,74
100.1024679,100.4240361,u,74
100.4240361,100.4848009,y,76
100.4848009,100.9461448,o,76
100.9461448,100.9901989,k,78
100.9901989,101.3409689,u,78
101.3409689,101.4182714,n,78
101.4182714,101.8180828,e,78
101.8180828,101.8845795,g,79
101.8845795,102.1139931,a,79
102.1139931,103.5536466,u,76
103.5536466,103.969251,br,0
103.969251,104.0423065,f,74
104.0423065,104.5353041,o,74
104.5353041,104.6729719,e,73
104.6729719,104.7171645,b,71
104.7171645,104.8603067,a,71
104.8603067,104.9226474,d,73
104.9226474,105.1138254,o,73
105.1138254,105.1412553,r,74
105.1412553,107.5916586,i,74
107.5916586,107.6473496,m,74
107.6473496,107.7537443,u,74
107.7537443,287.225,pau,0