0,1.4645884,pau,0
1.4645884,2.2243124,br,0
2.2243124,2.76626,i,83
2.76626,2.8493808,m,83
2.8493808,3.7046937,a,83
3.7046937,3.7545662,y,81
3.7545662,3.8900531,o,81
3.8900531,3.9141581,r,79
3.9141581,4.0180591,i,79
4.0180591,4.1045047,m,81
4.1045047,4.8509294,o,81
4.8509294,5.1846713,br,0
5.1846713,5.2756767,ts,79
5.2756767,5.8550286,u,79
5.8550286,5.8932642,y,79
5.8932642,6.5025,o,79
6.5025,6.5441,k,78
6.5441,6.7610453,u,78
6.7610453,6.8333603,n,79
6.8333603,7.0020956,a,79
7.0020956,7.0353439,r,78
7.0353439,7.4492854,i,78
7.4492854,7.471728,t,76
7.471728,7.7643132,a,76
7.7643132,9.1241694,i,74
9.1241694,9.5846586,br,0
9.5846586,9.6145821,t,76
9.6145821,9.8240465,a,76
9.8240465,9.8730877,d,78
9.8730877,10.0899169,a,78
10.0899169,10.2246887,h,79
10.2246887,10.7699611,i,79
10.7699611,10.7948973,t,83
10.7948973,11.3227144,o,83
11.3227144,11.4274465,ts,78
11.4274465,11.8979102,u,78
11.8979102,12.0059673,n,83
12.0059673,12.5021984,o,83
12.5021984,12.6404407,n,83
12.6404407,13.525,e,83
13.525,13.5460245,g,81
13.5460245,13.8540046,a,81
13.8540046,14.5433904,i,81
14.5433904,15.0822678,br,0
15.0822678,15.1221658,m,79
15.1221658,15.6366177,u,79
15.6366177,15.7048425,n,79
15.7048425,16.2093857,e,79
16.2093857,16.3107066,n,81
16.3107066,16.6584589,i,81
16.6584589,16.7962185,s,79
16.7962185,17.2026792,a,79
17.2026792,17.2540231,k,78
17.2540231,17.5085637,u,78
17.5085637,17.5733979,h,78
17.5733979,19.364651,o,78
19.364651,19.6464305,br,0
19.6464305,19.6738604,n,76
19.6738604,19.982757,o,76
19.982757,20.0289882,w,76
20.0289882,22.3736237,o,76
22.3736237,31.4346213,pau,0
31.4346213,31.8552125,br,0
31.8552125,31.9025914,n,71
31.9025914,31.9973491,a,71
31.9973491,32.0588584,n,72
32.0588584,32.1727339,i,72
32.1727339,32.260842,m,74
32.260842,32.8410251,o,74
32.8410251,33.13,br,0
33.13,33.1469096,d,74
33.1469096,33.4220394,e,74
33.4220394,33.48438,k,74
33.48438,33.7046501,i,74
33.7046501,33.7545226,n,72
33.7545226,34.0304836,a,72
34.0304836,34.0562511,k,71
34.0562511,34.5067658,a,69
34.5067658,34.635603,cl,69
34.635603,34.6580456,t,69
34.6580456,34.8791469,a,69
34.8791469,34.9963473,h,71
34.9963473,35.0877801,i,71
35.0877801,35.1625888,n,71
35.1625888,36.4451427,i,71
36.4451427,36.7909252,br,0
36.7909252,36.8191862,m,71
36.8191862,36.9172688,u,71
36.9172688,36.9657679,n,72
36.9657679,37.0884976,e,72
37.0884976,37.1516694,n,74
37.1516694,37.7357181,o,74
37.7357181,38.0044887,br,0
38.0044887,38.0946883,ch,74
38.0946883,38.3402967,i,74
38.3402967,38.3690149,k,74
38.3690149,38.6943913,a,74
38.6943913,38.917155,i,72
38.917155,38.9645339,w,71
38.9645339,39.2637687,a,71
39.2637687,39.5023254,u,69
39.5023254,39.56051,m,69
39.56051,39.8256653,a,69
39.8256653,39.8639009,r,71
39.8639009,40.048429,e,71
40.048429,40.0741965,t,71
40.0741965,41.2802792,a,71
41.2802792,41.7008704,br,0
41.7008704,41.7341187,k,71
41.7341187,41.8039402,e,71
41.8039402,41.9252965,sh,72
41.9252965,42.0425,i,72
42.0425,42.0641082,t,74
42.0641082,42.6043934,e,74
42.6043934,42.9177588,br,0
42.9177588,42.9518383,m,74
42.9518383,43.2152955,o,74
43.2152955,43.2542748,w,74
43.2542748,43.4962795,o,74
43.4962795,43.5619449,n,72
43.5619449,43.7847086,i,72
43.7847086,43.8329187,g,71
43.8329187,44.1104979,e,71
44.1104979,44.1512899,d,72
44.1512899,44.3338344,a,72
44.3338344,44.45927,s,74
44.45927,44.6849068,a,74
44.6849068,44.7539927,n,79
44.7539927,45.0747433,a,79
45.0747433,45.3675,i,78
45.3675,45.3922648,t,74
45.3922648,46.1847743,o,74
46.1847743,46.6120712,br,0
46.6120712,46.633487,t,74
46.633487,46.895576,a,74
46.895576,46.9349867,d,74
46.9349867,47.1635689,a,74
47.1635689,47.2596452,h,71
47.2596452,47.5,i,71
47.5,47.5243131,t,72
47.5243131,47.7165163,a,72
47.7165163,47.8584587,s,74
47.8584587,48.0787288,u,74
48.0787288,48.1136395,r,76
48.1136395,48.7352981,a,76
48.7352981,49.0657138,br,0
49.0657138,49.1027769,m,76
49.1027769,49.3945309,a,76
49.3945309,49.6051888,e,76
49.6051888,49.6621799,w,75
49.6621799,49.9050105,o,75
49.9050105,49.9747141,m,75
49.9747141,50.2548311,u,75
50.2548311,50.3038724,k,76
50.3038724,50.574015,u,76
50.574015,50.593964,t,78
50.593964,51.9047789,o,78
51.9047789,52.4101533,br,0
52.4101533,52.4442328,k,76
52.4442328,52.5259006,i,76
52.5259006,52.5988375,z,76
52.5988375,52.7052321,u,76
52.7052321,52.7484549,ts,76
52.7484549,52.8515247,u,76
52.8515247,52.8747985,k,76
52.8747985,53.0169351,i,76
53.0169351,53.0435337,t,76
53.0435337,53.344431,a,76
53.344431,53.4804349,o,74
53.4804349,53.5048541,r,72
53.5048541,54.4441191,e,72
54.4441191,54.835618,br,0
54.835618,54.8738536,m,78
54.8738536,55.0101717,a,78
55.0101717,55.0351079,t,78
55.0351079,55.1581267,a,78
55.1581267,55.1730884,t,78
55.1730884,55.2720022,a,78
55.2720022,55.3451485,ch,78
55.3451485,55.504741,i,78
55.504741,55.731137,a,78
55.731137,55.7865199,g,76
55.7865199,55.9153571,a,76
55.9153571,55.9419558,r,74
55.9419558,56.8047496,u,74
56.8047496,57.2951623,br,0
57.2951623,57.4589102,a,78
57.4589102,57.4971458,k,76
57.4971458,57.5935659,i,76
57.5935659,57.6318015,r,78
57.6318015,57.7149223,a,78
57.7149223,57.7780941,m,76
57.7780941,57.8844887,e,76
57.8844887,57.9351924,n,78
57.9351924,58.1837235,a,78
58.1837235,58.2344272,d,79
58.2344272,58.3050799,o,79
58.3050799,58.4147993,sh,81
58.4147993,58.7938301,i,81
58.7938301,58.8241952,r,81
58.8241952,59.0847529,a,81
59.0847529,59.1470935,n,81
59.1470935,59.3997807,u,81
59.3997807,59.4521468,m,79
59.4521468,59.7123149,o,79
59.7123149,59.760373,n,78
59.760373,60.0275611,o,78
60.0275611,60.0946705,n,79
60.0946705,60.6432678,i,79
60.6432678,60.9740885,br,0
60.9740885,61.0048432,h,79
61.0048432,61.2675049,a,79
61.2675049,61.2965972,r,81
61.2965972,61.549105,u,81
61.549105,61.5786793,w,83
61.5786793,62.2117571,a,83
62.2117571,62.5076671,br,0
62.5076671,62.5434091,n,79
62.5434091,62.8152141,a,79
62.8152141,63.0836942,N,79
63.0836942,63.1152801,d,81
63.1152801,63.3879163,o,81
63.3879163,63.4352952,d,79
63.4352952,63.6655398,e,79
63.6655398,63.7361925,m,83
63.7361925,65.3537231,o,83
65.3537231,65.8657472,br,0
65.8657472,65.8948394,k,76
65.8948394,66.1514696,o,76
66.1514696,66.2085785,n,78
66.2085785,66.3758259,o,78
66.3758259,66.5175784,s,79
66.5175784,67.08,a,79
67.08,67.1316768,k,83
67.1316768,67.647857,i,83
67.647857,67.7291026,n,78
67.7291026,68.1740116,i,78
68.1740116,68.3583202,br,0
68.3583202,68.4042113,n,83
68.4042113,68.8647454,a,83
68.8647454,68.9314487,n,83
68.9314487,69.8094979,i,83
69.8094979,69.8563764,g,81
69.8563764,69.9935257,a,81
69.9935257,70.1647546,a,79
70.1647546,70.1970225,r,81
70.1970225,70.9843256,u,81
70.9843256,71.3916174,br,0
71.3916174,71.4309824,m,79
71.4309824,72.0549214,i,79
72.0549214,72.5345283,e,79
72.5345283,72.6234676,n,78
72.6234676,72.9160528,a,78
72.9160528,72.9642628,k,79
72.9642628,73.1188675,u,79
73.1188675,73.1537782,t,78
73.1537782,73.5236658,e,78
73.5236658,73.824563,i,76
73.824563,75.0855055,i,74
75.0855055,75.6775,br,0
75.6775,75.9532865,i,76
75.9532865,76.0347449,ch,78
76.0347449,76.2332281,i,78
76.2332281,76.3447855,z,79
76.3447855,76.834911,u,79
76.834911,76.9266932,n,83
76.9266932,77.4223167,a,83
77.4223167,77.5525306,m,78
77.5525306,78.0199205,a,78
78.0199205,78.130059,n,83
78.130059,78.7133855,a,83
78.7133855,78.7843807,z,83
78.7843807,79.5033756,a,83
79.5033756,79.6912286,sh,81
79.6912286,79.934088,i,81
79.934088,79.984645,g,81
79.984645,80.720264,a,81
80.720264,81.204027,br,0
81.204027,81.2447562,h,79
81.2447562,81.7421963,o,79
81.7421963,81.8049903,n,79
81.8049903,82.3966921,o,79
82.3966921,82.4574272,w,81
82.4574272,82.8838982,o,79
82.8838982,82.9246274,w,79
82.9246274,83.3244384,o,79
83.3244384,83.3543619,t,78
83.3543619,83.5738008,o,78
83.5738008,83.6394662,m,78
83.6394662,85.505528,o,78
85.505528,85.7233045,br,0
85.7233045,85.8247119,s,76
85.8247119,86.1106474,u,76
86.1106474,86.1646759,y,76
86.1646759,88.2634759,o,76
88.2634759,239.2525,pau,0