0,26.5445655,pau,0
26.5445655,26.9227642,br,0
26.9227642,27.0865118,o,74
27.0865118,27.300963,sh,74
27.300963,27.4447616,a,74
27.4447616,27.4655418,r,74
27.4655418,27.6924611,e,74
27.6924611,27.8055051,n,74
27.8055051,28.1296754,a,74
28.1296754,28.4081295,a,72
28.4081295,28.5045494,n,71
28.5045494,28.8649452,o,71
28.8649452,28.8844105,k,72
28.8844105,29.1030177,o,72
29.1030177,29.2177242,m,72
29.2177242,29.3149753,a,72
29.3149753,29.4039143,n,74
29.4039143,29.5684931,e,74
29.5684931,29.7546833,s,79
29.7546833,29.8947524,u,79
29.8947524,29.9149807,r,78
29.9149807,30.2143402,u,78
30.2143402,30.2542381,y,79
30.2542381,30.5335234,o,79
30.5335234,30.6033447,r,74
30.6033447,31.1743832,i,74
31.1743832,32.0845539,pau,0
32.0845539,32.4910136,br,0
32.4910136,32.5658222,j,76
32.5658222,32.8800181,i,76
32.8800181,32.904123,b,78
32.904123,33.0254791,u,78
33.0254791,33.3571303,N,79
33.3571303,33.4019256,r,74
33.4019256,33.5965177,a,74
33.5965177,33.7635901,sh,79
33.7635901,33.9805349,i,79
33.9805349,34.0993974,s,78
34.0993974,34.4252301,a,78
34.4252301,34.456816,g,79
34.456816,34.7252955,a,79
34.7252955,34.9497211,i,79
34.9497211,35.0079056,ch,81
35.0079056,35.473381,i,81
35.473381,35.4983171,b,76
35.4983171,35.6637272,a,76
35.6637272,35.9571429,N,76
35.9571429,36.002028,d,79
36.002028,36.0917983,e,79
36.0917983,36.2201837,sh,78
36.2201837,36.6437191,o,78
36.6437191,37.7342614,pau,0
37.7342614,38.0733935,br,0
38.0733935,38.1033169,h,74
38.1033169,38.4241625,a,74
38.4241625,38.6444321,a,74
38.6444321,38.6668746,t,74
38.6668746,38.8813258,o,74
38.8813258,38.9744209,n,74
38.9744209,39.3128965,o,74
39.3128965,39.3409828,k,72
39.3409828,39.6641986,a,72
39.6641986,39.6859333,g,71
39.6859333,39.9693745,a,71
39.9693745,40.0292214,y,72
40.0292214,40.3452938,a,72
40.3452938,40.3758343,k,72
40.3758343,40.5312698,i,72
40.5312698,40.560362,k,74
40.560362,40.7448898,a,74
40.7448898,40.8462969,N,74
40.8462969,40.9161182,j,79
40.9161182,41.0308247,i,79
41.0308247,41.0848531,t,78
41.0848531,41.326734,a,78
41.326734,41.4148419,n,79
41.4148419,41.70992,a,79
41.70992,41.7597924,r,74
41.7597924,42.2352423,a,74
42.2352423,43.2509761,pau,0
43.2509761,43.6740599,br,0
43.6740599,43.6989961,r,76
43.6989961,43.8876799,i,76
43.8876799,44.0370314,s,78
44.0370314,44.1805676,o,78
44.1805676,44.2348164,w,79
44.2348164,44.4520688,o,79
44.4520688,44.5750873,s,74
44.5750873,44.9048587,a,74
44.9048587,44.9341683,g,79
44.9341683,45.1768805,a,79
45.1768805,45.3082111,sh,78
45.3082111,45.5800154,i,78
45.5800154,45.6273942,n,79
45.6273942,45.9399277,i,79
45.9399277,45.9706823,d,79
45.9706823,46.1286114,e,79
46.1286114,46.15521,k,81
46.15521,46.6405134,a,81
46.6405134,46.6655705,k,76
46.6655705,46.7644841,e,76
46.7644841,46.8243309,y,76
46.8243309,47.1587332,o,76
47.1587332,47.1936731,w,79
47.1936731,47.3355226,o,79
47.3355226,47.3795766,y,78
47.3795766,47.7985044,o,78
47.7985044,48.4958863,pau,0
48.4958863,48.9048397,br,0
48.9048397,48.9729986,f,74
48.9729986,49.2963377,u,74
49.2963377,49.4717222,e,72
49.4717222,49.494996,t,71
49.494996,49.7942302,e,71
49.7942302,50.1375183,i,72
50.1375183,50.1724289,k,74
50.1724289,50.6162929,u,74
50.6162929,50.923008,o,74
50.923008,51.0210903,m,79
51.0210903,51.233879,o,79
51.233879,51.4948777,i,78
51.4948777,51.5372693,d,76
51.5372693,51.6262083,e,76
51.6262083,51.7375899,z,74
51.7375899,52.6785152,e,74
52.6785152,52.871355,N,72
52.871355,52.9046032,b,71
52.9046032,53.9269867,u,71
53.9269867,54.5121557,br,0
54.5121557,54.5321047,p,72
54.5321047,54.6734097,a,72
54.6734097,54.7049955,k,74
54.7049955,54.8014154,i,74
54.8014154,55.0271745,N,76
55.0271745,55.0466212,t,72
55.0466212,55.3042951,o,72
55.3042951,55.3840909,h,74
55.3840909,55.5204087,a,74
55.5204087,55.6908059,N,76
55.6908059,55.7149109,b,76
55.7149109,55.8878018,u,76
55.8878018,56.3773821,N,74
56.3773821,56.4039807,k,79
56.4039807,56.5303241,o,79
56.5303241,56.5702219,d,79
56.5702219,56.8835866,e,79
56.8835866,57.0997002,br,0
57.0997002,57.1296236,t,78
57.1296236,57.2534733,o,78
57.2534733,57.3099953,m,79
57.3099953,57.7746395,o,79
57.7746395,57.817031,d,75
57.817031,57.9442056,a,75
57.9442056,58.0456127,ch,75
58.0456127,58.6548867,i,75
58.6548867,59.0480472,br,0
59.0480472,59.075477,k,75
59.075477,59.3564247,o,75
59.3564247,59.7204929,N,77
59.7204929,59.7529099,p,79
59.7529099,60.0504817,u,79
60.0504817,60.0729243,r,78
60.0729243,60.7571309,i,78
60.7571309,60.7894239,t,79
60.7894239,61.1900652,o,79
61.1900652,61.3064341,sh,81
61.3064341,61.4851434,i,81
61.4851434,61.5225476,y,81
61.5225476,62.6047779,o,81
62.6047779,64.5448129,pau,0
64.5448129,64.9575892,br,0
64.9575892,65.001145,m,75
65.001145,65.1840103,e,75
65.1840103,65.2977258,i,75
65.2977258,65.3344586,k,78
65.3344586,65.5472474,i,78
65.5472474,65.6652786,cl,78
65.6652786,65.6777467,d,83
65.6777467,65.9801249,o,83
65.9801249,66.0152164,k,83
66.0152164,66.1540278,i,83
66.1540278,66.1939257,d,83
66.1939257,66.5239145,o,83
66.5239145,66.5521755,k,76
66.5521755,66.7849132,i,76
66.7849132,66.9187374,s,75
66.9187374,67.3675886,u,75
67.3675886,67.4016681,r,76
67.4016681,67.7266697,u,76
67.7266697,67.7457874,t,78
67.7457874,68.079101,o,78
68.079101,68.1048684,k,80
68.1048684,68.3317877,i,80
68.3317877,68.4548062,m,83
68.4548062,68.7922758,u,83
68.7922758,68.8022503,t,83
68.8022503,68.9452177,e,83
68.9452177,68.9759724,k,83
68.9759724,69.3018051,i,83
69.3018051,69.3267413,d,85
69.3267413,69.5461797,e,85
69.5461797,69.6816663,sh,83
69.6816663,70.1105686,o,83
70.1105686,70.5203532,br,0
70.5203532,70.5602511,m,75
70.5602511,70.7422852,e,75
70.7422852,70.8844696,i,75
70.8844696,70.9121057,k,78
70.9121057,71.0888982,a,78
71.0888982,71.2401777,cl,78
71.2401777,71.2725947,k,83
71.2725947,71.5793097,i,83
71.5793097,71.6000899,r,83
71.6000899,71.7505382,a,83
71.7505382,71.7854488,k,83
71.7854488,72.0597468,i,83
72.0597468,72.1270745,r,76
72.1270745,72.3905669,a,76
72.3905669,72.4736875,m,75
72.4736875,72.9807232,i,75
72.9807232,73.0089842,r,76
73.0089842,73.3123744,a,76
73.3123744,73.678105,i,78
73.678105,73.6972228,d,80
73.6972228,73.9798328,e,80
73.9798328,74.0346924,k,83
74.0346924,74.331433,i,83
74.331433,74.3821366,m,83
74.3821366,74.5325849,a,83
74.5325849,74.5550274,r,83
74.5550274,74.8949907,i,83
74.8949907,74.9348886,d,85
74.9348886,75.1368717,e,85
75.1368717,75.2706959,sh,83
75.2706959,75.7054166,o,83
75.7054166,76.1027331,br,0
76.1027331,76.1334877,y,78
76.1334877,76.3953176,u,78
76.3953176,76.4751134,m,80
76.4751134,76.7685292,e,80
76.7685292,76.8317008,w,78
76.8317008,77.2448102,a,78
77.2448102,77.3389522,m,76
77.3389522,77.4621207,o,76
77.4621207,77.5231746,w,76
77.5231746,78.474164,o,76
78.474164,78.9038975,br,0
78.9038975,78.9313273,y,78
78.9313273,79.2039629,u,78
79.2039629,79.2696282,m,80
79.2696282,79.5638751,e,80
79.5638751,79.6594638,j,78
79.6594638,80.0468059,a,78
80.0468059,80.1349137,n,76
80.1349137,80.3144542,a,76
80.3144542,81.2204688,i,76
81.2204688,81.6934251,br,0
81.6934251,81.7424662,d,76
81.7424662,82.035882,a,76
82.035882,82.068299,r,75
82.068299,82.3317913,e,75
82.3317913,82.4157431,d,73
82.4157431,82.6185574,a,73
82.6185574,82.7490568,cl,73
82.7490568,82.7648497,t,75
82.7648497,82.895349,e,75
82.895349,82.9244412,k,76
82.9244412,83.1704782,a,76
83.1704782,83.2677293,n,83
83.2677293,83.5943933,a,83
83.5943933,84.0756616,e,83
84.0756616,84.1338461,r,81
84.1338461,84.2784759,a,81
84.2784759,84.3275171,r,80
84.3275171,84.5901782,e,80
84.5901782,84.6965726,r,78
84.6965726,84.9642209,u,78
84.9642209,85.17036,br,0
85.17036,85.190309,r,75
85.190309,85.3233019,e,75
85.3233019,85.3848112,d,76
85.3848112,85.5734949,i,76
85.5734949,85.6732397,r,75
85.6732397,85.8344937,e,75
85.8344937,85.8851972,d,76
85.8851972,86.2134511,i,76
86.2134511,86.2343038,t,75
86.2343038,86.3781422,u,75
86.3781422,86.4055322,g,76
86.4055322,86.7230529,o,76
86.7230529,86.7463267,p,75
86.7463267,86.8735012,a,75
86.8735012,86.9025934,r,76
86.9025934,87.2450503,a,76
87.2450503,87.2641681,d,76
87.2641681,87.4844377,a,76
87.4844377,87.5442845,i,76
87.5442845,87.5941569,s,76
87.5941569,87.7404491,u,76
87.7404491,161.4551273,pau,0
161.4551273,161.9131218,br,0
161.9131218,162.2788525,a,76
162.2788525,162.3062823,k,75
162.3062823,162.458393,o,75
162.458393,162.4800043,g,76
162.4800043,162.7700952,a,76
162.7700952,162.813318,r,78
162.813318,163.1083961,e,78
163.1083961,163.1790486,w,76
163.1790486,163.6553297,a,76
163.6553297,163.9886433,br,0
163.9886433,164.0435029,k,71
164.0435029,164.1964448,i,71
164.1964448,164.3617426,cl,71
164.3617426,164.3834662,t,71
164.3834662,164.698183,o,71
164.698183,164.9420367,a,76
164.9420367,165.0866665,s,75
165.0866665,165.1938921,u,75
165.1938921,165.2529077,n,76
165.2529077,165.5346866,o,76
165.5346866,165.6086639,m,78
165.6086639,165.8937676,i,78
165.8937676,165.9843691,ch,83
165.9843691,166.3575806,i,83
166.3575806,166.5055353,sh,81
166.5055353,166.7798333,i,81
166.7798333,166.8139127,r,80
166.8139127,166.9203071,u,80
166.9203071,167.016727,b,76
167.016727,167.4398109,e,76
167.4398109,167.8728692,br,0
167.8728692,167.8994678,r,76
167.8994678,168.0748523,i,76
168.0748523,168.2361063,s,76
168.2361063,168.3767901,o,76
168.3767901,168.410439,w,78
168.410439,168.6309292,o,78
168.6309292,168.7339987,n,80
168.7339987,169.2119422,o,80
169.2119422,169.2934004,j,78
169.2934004,169.6067651,i,78
169.6067651,169.6233892,b,81
169.6233892,169.8195538,u,81
169.8195538,170.0647596,N,80
170.0647596,170.1054887,g,76
170.1054887,170.1911029,a,76
170.1911029,170.3249271,s,78
170.3249271,170.8120139,o,78
170.8120139,170.8377812,k,80
170.8377812,170.965787,o,80
170.965787,171.0090097,d,80
171.0090097,171.2941134,e,80
171.2941134,171.5451376,br,0
171.5451376,171.5650865,m,73
171.5650865,171.7147036,a,73
171.7147036,172.2092712,a,81
172.2092712,172.2234017,t,83
172.2234017,172.3472514,e,83
172.3472514,172.3954614,r,80
172.3954614,172.7429055,u,80
172.7429055,173.1094674,br,0
173.1094674,173.1344036,t,76
173.1344036,173.4020519,a,76
173.4020519,173.4785229,m,75
173.4785229,173.6073598,e,75
173.6073598,173.6439329,r,76
173.6439329,173.9165685,a,76
173.9165685,173.9714281,w,83
173.9714281,174.2806367,a,83
174.2806367,174.3438084,z,83
174.3438084,174.7569178,u,83
174.7569178,174.8400384,m,81
174.8400384,175.1841577,a,81
175.1841577,175.4800671,e,80
175.4800671,175.5424075,n,81
175.5424075,175.6355026,i,81
175.6355026,175.7435594,f,83
175.7435594,176.1350575,u,83
176.1350575,176.2364646,m,80
176.2364646,176.5489981,i,80
176.5489981,176.6046889,d,78
176.6046889,176.6786662,a,78
176.6786662,176.8000223,s,76
176.8000223,177.078156,o,76
177.078156,177.1205288,w,76
177.1205288,177.5456141,o,76
177.5456141,177.9745165,br,0
177.9745165,178.021064,n,76
178.021064,178.1989421,a,76
178.1989421,178.2479833,g,75
178.2479833,178.3926131,a,75
178.3926131,178.5156316,s,73
178.5156316,178.6344941,u,73
178.6344941,179.0642276,a,71
179.0642276,179.194727,s,76
179.194727,179.2778476,e,76
179.2778476,179.3859044,m,76
179.3859044,180.2270849,o,76
180.2270849,180.715834,br,0
180.715834,180.7632128,n,76
180.7632128,180.9477405,a,76
180.9477405,181.0158994,m,78
181.0158994,181.2187137,i,78
181.2187137,181.2577804,d,76
181.2577804,181.3641748,a,76
181.3641748,181.4481266,m,80
181.4481266,181.8770289,o,80
181.8770289,181.9676304,m,78
181.9676304,182.1105978,i,78
182.1105978,182.1488333,n,78
182.1488333,182.4513923,a,78
182.4513923,182.6733243,br,0
182.6733243,182.7182094,k,76
182.7182094,182.8071485,i,76
182.8071485,182.8694889,r,80
182.8694889,182.9800393,a,80
182.9800393,183.0315741,m,78
183.0315741,183.1835854,e,78
183.1835854,183.2202579,k,80
183.2202579,183.3474324,i,80
183.3474324,183.4081105,n,82
183.4081105,183.7256312,i,82
183.7256312,183.7713475,k,80
183.7713475,183.8752483,a,80
183.8752483,183.9234582,w,82
183.9234582,184.0847122,a,82
184.0847122,184.107986,r,83
184.107986,186.7753262,u,83
186.7753262,254.6875,pau,0