0,5.2737553,pau,0
5.2737553,5.8034906,br,0
5.8034906,5.8242708,b,79
5.8242708,5.9547704,u,79
5.9547704,6.0046428,k,81
6.0046428,6.2462287,i,81
6.2462287,6.2789413,y,81
6.2789413,6.4071111,o,81
6.4071111,6.4748739,w,83
6.4748739,6.7469111,o,83
6.7469111,6.8134077,n,84
6.8134077,7.0968494,a,84
7.0968494,7.2738966,i,84
7.2738966,7.6079132,i,79
7.6079132,7.6271598,k,79
7.6271598,7.7864403,a,79
7.7864403,7.800051,t,83
7.800051,8.0976232,a,83
8.0976232,8.156639,g,84
8.156639,8.4841347,a,84
8.4841347,8.537332,s,77
8.537332,8.6603507,u,77
8.6603507,8.6927678,k,76
8.6927678,8.8365667,i,76
8.8365667,8.8847767,s,77
8.8847767,8.9973193,u,77
8.9973193,9.030238,k,76
9.030238,9.1773618,i,76
9.1773618,9.2247406,s,77
9.2247406,9.33446,u,77
9.33446,9.3643834,k,77
9.3643834,9.5248065,i,77
9.5248065,9.5705229,s,77
9.5705229,9.6403443,u,77
9.6403443,9.8572895,br,0
9.8572895,9.8930314,n,72
9.8930314,10.0351679,e,72
10.0351679,10.0742346,k,77
10.0742346,10.2097214,i,77
10.2097214,10.2396449,s,76
10.2396449,10.380119,u,76
10.380119,10.400068,k,77
10.400068,10.5289051,i,77
10.5289051,10.5679719,s,76
10.5679719,10.7150956,u,76
10.7150956,10.7425254,g,72
10.7425254,11.009343,o,72
11.009343,11.0600467,u,72
11.0600467,11.1664413,i,74
11.1664413,11.2196385,N,74
11.2196385,11.2437435,n,74
11.2437435,11.3160586,i,74
11.3160586,11.3476445,sh,74
11.3476445,11.4290572,i,74
11.4290572,11.4465582,t,72
11.4465582,12.7656844,e,72
12.7656844,21.4750764,pau,0
21.4750764,21.849951,br,0
21.849951,21.8723936,k,67
21.8723936,22.0311542,o,67
22.0311542,22.1774467,i,72
22.1774467,22.2156822,w,71
22.2156822,22.2896597,a,71
22.2896597,22.3977167,sh,72
22.3977167,22.8139535,o,72
22.8139535,22.8793727,w,71
22.8793727,22.967925,o,71
22.967925,23.0660075,s,72
23.0660075,23.2031567,e,72
23.2031567,23.2846151,ts,71
23.2846151,23.3602549,u,71
23.3602549,23.4101274,y,72
23.4101274,23.5389646,o,72
23.5389646,23.5713816,r,77
23.5713816,23.8980462,i,77
23.8980462,23.949581,k,76
23.949581,24.1997745,i,76
24.1997745,24.2762456,n,72
24.2762456,24.4458119,a,72
24.4458119,24.4624361,r,72
24.4624361,24.4998404,i,72
24.4998404,24.6253527,s,67
24.6253527,24.7284225,e,67
24.7284225,24.7791261,w,72
24.7791261,24.9196002,a,72
24.9196002,24.962823,n,71
24.962823,25.0766984,o,71
25.0766984,25.1265708,y,72
25.1265708,25.4025317,a,72
25.4025317,25.6252953,br,0
25.6252953,25.6535564,k,71
25.6535564,25.7749127,e,71
25.7749127,25.8197979,r,72
25.8197979,25.9336733,u,72
25.9336733,26.0184565,m,71
26.0184565,26.1190326,i,71
26.1190326,26.1522809,r,72
26.1522809,26.3226784,a,72
26.3226784,26.3550955,k,79
26.3550955,26.6393684,u,79
26.6393684,26.6543302,r,79
26.6543302,26.7765177,u,79
26.7765177,26.8330398,n,79
26.8330398,26.9344471,a,79
26.9344471,27.0001125,y,81
27.0001125,27.2935287,a,76
27.2935287,27.3583629,cl,76
27.3583629,27.3832991,k,72
27.3832991,27.5478782,a,72
27.5478782,27.6925083,i,72
27.6925083,27.7240942,g,71
27.7240942,28.0466027,o,71
28.0466027,28.0657205,t,72
28.0657205,28.4048531,o,72
28.4048531,28.6616962,br,0
28.6616962,28.729024,s,69
28.729024,28.881135,a,69
28.881135,28.9093961,k,69
28.9093961,28.9950104,i,69
28.9950104,29.0631694,y,77
29.0631694,29.3391303,o,77
29.3391303,29.4064581,m,76
29.4064581,29.4746172,i,76
29.4746172,29.6026231,sh,77
29.6026231,29.739722,i,77
29.739722,29.7688646,k,76
29.7688646,29.882551,o,76
29.882551,29.9180111,w,72
29.9180111,30.1852995,o,72
30.1852995,30.4271809,br,0
30.4271809,30.4654165,r,72
30.4654165,30.6241771,e,72
30.6241771,30.679868,N,72
30.679868,30.8153548,s,72
30.8153548,31.0480929,o,72
31.0480929,31.1453442,m,72
31.1453442,31.3747574,o,72
31.3747574,31.4969449,s,72
31.4969449,31.8144059,o,72
31.8144059,31.8319216,b,75
31.8319216,32.0571788,o,75
32.0571788,32.1569237,s,74
32.1569237,32.2973977,o,74
32.2973977,32.3938178,u,72
32.3938178,32.5018748,sh,74
32.5018748,32.5747687,i,74
32.5747687,32.6656227,s,72
32.6656227,32.9548829,o,72
32.9548829,33.3380695,br,0
33.3380695,33.3696554,h,72
33.3696554,33.8076158,o,72
33.8076158,33.8519495,w,72
33.8519495,34.0421129,o,72
34.0421129,34.0670385,k,72
34.0670385,34.2199806,a,72
34.2199806,34.2390984,g,71
34.2390984,34.3562987,o,71
34.3562987,34.5557885,a,72
34.5557885,34.5749062,t,77
34.5749062,34.8317493,o,77
34.8317493,34.8832842,r,76
34.8832842,35.1032953,a,76
35.1032953,35.1251656,k,76
35.1251656,35.1417897,u,76
35.1417897,35.2598212,sh,72
35.2598212,35.3894896,o,72
35.3894896,35.5598871,N,72
35.5598871,35.6147468,k,67
35.6147468,35.7045172,u,67
35.7045172,35.7394279,r,72
35.7394279,35.9131503,u,72
35.9131503,35.9530482,k,71
35.9530482,36.0793918,u,71
36.0793918,36.100172,r,72
36.100172,36.3270916,u,72
36.3270916,36.5872595,br,0
36.5872595,36.6097021,r,72
36.6097021,36.7592205,a,72
36.7592205,36.7958926,k,72
36.7958926,36.8873254,u,72
36.8873254,36.9280546,g,71
36.9280546,37.0884776,a,71
37.0884776,37.1134139,k,72
37.1134139,37.2247957,i,72
37.2247957,37.286305,ch,79
37.286305,37.601512,o,79
37.601512,37.6245418,w,79
37.6245418,37.7800423,o,79
37.7800423,37.8232651,k,79
37.8232651,37.9354781,u,79
37.9354781,37.9645703,d,81
37.9645703,38.0551719,e,81
38.0551719,38.1324742,d,76
38.1324742,38.3153399,e,76
38.3153399,38.3402761,k,72
38.3402761,38.5796639,o,72
38.5796639,38.6652782,r,71
38.6652782,38.9960988,e,71
38.9960988,39.0916877,e,72
39.0916877,39.2072255,sh,72
39.2072255,39.3385563,o,72
39.3385563,39.4748743,N,72
39.4748743,39.7034564,br,0
39.7034564,39.7267302,r,69
39.7267302,39.8239815,a,69
39.8239815,39.8879844,b,69
39.8879844,40.0326145,u,69
40.0326145,40.0550571,d,77
40.0550571,40.3601103,e,77
40.3601103,40.5188709,i,76
40.5188709,40.5463007,k,77
40.5463007,40.6310839,i,77
40.6310839,40.6992429,m,76
40.6992429,40.7807013,a,76
40.7807013,40.9062136,sh,72
40.9062136,41.1730312,o,72
41.1730312,41.4074317,br,0
41.4074317,41.5395937,o,71
41.5395937,41.592791,ch,72
41.592791,41.7673445,i,72
41.7673445,41.7956056,ts,71
41.7956056,41.9036626,u,71
41.9036626,41.9277676,k,72
41.9277676,42.0300061,e,72
42.0300061,42.0956715,m,71
42.0956715,42.2120405,o,71
42.2120405,42.2775304,ch,72
42.2775304,42.438129,i,72
42.438129,42.4747021,ts,71
42.4747021,42.5885775,u,71
42.5885775,42.6118513,k,72
42.6118513,42.7315452,e,72
42.7315452,42.7631311,r,70
42.7631311,43.0937256,e,70
43.0937256,43.1205503,b,72
43.1205503,43.3915239,o,72
43.3915239,43.4580205,ry,74
43.4580205,43.6866026,u,74
43.6866026,43.8229206,sh,72
43.8229206,43.9949806,o,72
43.9949806,44.1229617,N,72
44.1229617,44.2931176,br,0
44.2931176,44.3656991,ts,74
44.3656991,44.6466472,u,74
44.6466472,44.8137199,N,72
44.8137199,44.8835414,ts,74
44.8835414,45.1112922,u,74
45.1112922,45.4944789,N,79
45.4944789,45.6981247,br,0
45.6981247,45.7139176,d,74
45.7139176,46.0148147,e,74
46.0148147,46.0538815,r,72
46.0538815,46.1827187,e,72
46.1827187,46.2151357,d,74
46.2151357,46.4769661,e,74
46.4769661,46.5708925,r,79
46.5708925,46.8343853,e,79
46.8343853,47.0421872,br,0
47.0421872,47.0879036,k,71
47.0879036,47.554211,o,71
47.554211,47.7046595,i,72
47.7046595,47.7611817,n,72
47.7611817,48.1784478,u,72
48.1784478,48.271543,m,67
48.271543,48.4327973,i,67
48.4327973,48.4510839,t,74
48.4510839,48.9356778,a,74
48.9356778,49.08862,i,76
49.08862,49.1243619,n,76
49.1243619,49.489262,a,76
49.489262,49.8192514,br,0
49.8192514,50.1110052,e,76
50.1110052,50.1658649,g,74
50.1658649,50.3155961,a,74
50.3155961,50.3548391,w,74
50.3548391,50.6662518,o,74
50.6662518,50.6853696,g,69
50.6853696,50.9413815,a,69
50.9413815,51.0170213,n,69
51.0170213,51.1574954,i,69
51.1574954,51.1990558,k,72
51.1990558,51.4849912,u,72
51.4849912,51.5099274,r,71
51.5099274,51.5996978,a,71
51.5996978,51.7285349,sh,72
51.7285349,51.8906204,i,72
51.8906204,51.9138942,k,72
51.9138942,52.0086519,u,72
52.0086519,52.0335881,t,74
52.0335881,52.3718895,e,74
52.3718895,52.4799465,i,69
52.4799465,52.5638985,j,76
52.5638985,52.8115983,i,76
52.8115983,52.8772637,m,74
52.8772637,53.0459988,e,74
53.0459988,53.09504,ch,74
53.09504,53.3335966,a,74
53.3335966,53.4815515,u,74
53.4815515,53.7492003,br,0
53.7492003,53.7741365,k,69
53.7741365,53.8489452,a,69
53.8489452,53.9378844,w,79
53.9378844,54.2529121,a,79
54.2529121,54.3908925,i,79
54.3908925,54.4499082,k,81
54.4499082,54.6360827,u,81
54.6360827,54.7541575,cl,81
54.7541575,54.7832224,t,79
54.7832224,55.4839303,e,79
55.4839303,55.9660307,br,0
55.9660307,56.1348656,a,72
56.1348656,56.1605332,k,71
56.1605332,56.2810583,a,71
56.2810583,56.3209563,r,72
56.3209563,56.3899465,a,72
56.3899465,56.5237709,s,79
56.5237709,56.9518427,a,79
56.9518427,57.0175081,m,79
57.0175081,57.1355396,a,79
57.1355396,57.2145043,d,79
57.2145043,57.4272934,e,79
57.4272934,57.5320256,r,79
57.5320256,57.8620149,o,79
57.8620149,57.898588,k,79
57.898588,58.3690515,o,79
58.3690515,58.4380417,ts,79
58.4380417,58.5120192,u,79
58.5120192,58.583503,n,81
58.583503,58.8902186,a,81
58.8902186,59.2045898,a,83
59.2045898,59.6723848,i,84
59.6723848,59.713114,w,83
59.713114,59.8968108,o,83
59.8968108,59.9741131,ts,81
59.9741131,60.2725166,u,81
60.2725166,60.3032713,t,84
60.3032713,60.6142558,a,84
60.6142558,60.959094,e,83
60.959094,60.9723933,t,81
60.9723933,61.0796191,e,81
61.0796191,61.1211794,y,79
61.1211794,61.50021,o,79
61.50021,61.9548805,br,0
61.9548805,61.9964409,b,79
61.9964409,62.1415093,u,79
62.1415093,62.180969,k,81
62.180969,62.4851909,i,81
62.4851909,62.5284137,y,81
62.5284137,62.6239352,o,81
62.6239352,62.6885207,w,83
62.6885207,62.962304,o,83
62.962304,63.0238134,n,84
63.0238134,63.3355162,a,84
63.3355162,63.5242003,i,84
63.5242003,63.8658265,i,79
63.8658265,63.8841131,k,79
63.8841131,64.0437049,a,79
64.0437049,64.0636539,t,83
64.0636539,64.3387836,a,83
64.3387836,64.3820064,g,84
64.3820064,64.7676866,a,84
64.7676866,64.8134031,s,76
64.8134031,64.9096562,u,76
64.9096562,64.9339281,k,77
64.9339281,65.0918576,i,77
65.0918576,65.1350803,s,76
65.1350803,65.233994,u,76
65.233994,65.2689048,k,77
65.2689048,65.426003,i,77
65.426003,65.4800315,s,76
65.4800315,65.5736794,u,76
65.5736794,65.6013877,k,77
65.6013877,65.8116832,i,77
65.8116832,65.8374507,s,77
65.8374507,65.8623869,u,77
65.8623869,66.0834881,br,0
66.0834881,66.115074,g,81
66.115074,66.6137984,o,81
66.6137984,66.6827887,u,81
66.6827887,66.7534413,i,79
66.7534413,66.8149507,N,79
66.8149507,66.8332372,n,81
66.8332372,66.988673,i,81
66.988673,67.0194277,sh,83
67.0194277,67.1291471,i,83
67.1291471,67.1482649,t,83
67.1482649,67.3967959,e,83
67.3967959,67.6262092,br,0
67.6262092,67.6411709,m,79
67.6411709,67.9354183,u,79
67.9354183,67.9977589,ch,79
67.9977589,68.1324145,i,79
68.1324145,68.1648316,k,79
68.1648316,68.4665599,o,79
68.4665599,68.5089515,k,79
68.5089515,68.7333775,u,79
68.7333775,68.8164983,m,79
68.8164983,68.983571,u,79
68.983571,69.0043512,k,79
69.0043512,69.1697614,e,79
69.1697614,69.2944426,cl,79
69.2944426,69.3360029,s,79
69.3360029,69.4997169,e,79
69.4997169,69.5371551,k,81
69.5371551,69.8156097,i,81
69.8156097,69.8521828,d,83
69.8521828,70.1131819,e,83
70.1131819,70.2112644,m,83
70.2112644,70.3449632,a,83
70.3449632,70.678403,i,84
70.678403,70.726613,n,83
70.726613,70.8704119,i,83
70.8704119,70.9236092,ch,81
70.9236092,71.2236751,i,81
71.2236751,71.2386369,t,81
71.2386369,71.3516811,a,81
71.3516811,71.4082032,b,84
71.4082032,71.5594829,e,84
71.5594829,71.6018745,ch,83
71.6018745,71.7855714,a,83
71.7855714,71.9036028,u,83
71.9036028,71.9310327,k,81
71.9310327,72.0590386,a,81
72.0590386,72.0947806,r,79
72.0947806,72.4596806,a,79
72.4596806,72.633403,pau,0
72.633403,72.9442746,br,0
72.9442746,73.1204906,i,79
73.1204906,73.1445956,t,81
73.1445956,73.3690216,o,81
73.3690216,73.4795722,sh,81
73.4795722,73.6332617,i,81
73.6332617,73.6557882,k,83
73.6557882,73.9699846,u,83
73.9699846,73.9907648,t,84
73.9907648,74.2941555,e,84
74.2941555,74.3249102,k,84
74.3249102,74.4487601,a,84
74.4487601,74.4836708,w,79
74.4836708,74.8460773,a,79
74.8460773,75.0065003,i,79
75.0065003,75.0455671,k,83
75.0455671,75.3489578,u,83
75.3489578,75.3647508,t,84
75.3647508,75.682272,e,84
75.682272,75.7288196,s,76
75.7288196,75.8426951,u,76
75.8426951,75.8701249,k,77
75.8701249,76.0438473,i,77
76.0438473,76.0879013,s,76
76.0879013,76.1897512,u,76
76.1897512,76.2217257,k,77
76.2217257,76.3597061,i,77
76.3597061,76.3996041,s,76
76.3996041,76.525913,u,76
76.525913,76.5525463,k,77
76.5525463,76.7171253,i,77
76.7171253,76.763673,s,77
76.763673,76.8310008,u,77
76.8310008,77.0585149,br,0
77.0585149,77.0787006,n,72
77.0787006,77.2148371,e,72
77.2148371,77.2452715,k,77
77.2452715,77.3953906,i,77
77.3953906,77.4244829,s,76
77.4244829,77.5745163,u,76
77.5745163,77.5998677,k,77
77.5998677,77.745329,i,77
77.745329,77.7852269,s,76
77.7852269,77.9148953,u,76
77.9148953,77.9448188,k,77
77.9448188,78.1093979,i,77
78.1093979,78.1625951,s,77
78.1625951,78.2648337,u,77
78.2648337,78.5956542,br,0
78.5956542,78.6654757,z,79
78.6654757,78.9888154,e,79
78.9888154,79.1525632,N,79
79.1525632,79.1758371,ry,79
79.1758371,79.4867087,o,79
79.4867087,79.5332563,k,72
79.5332563,79.6853672,u,72
79.6853672,79.8590896,sh,79
79.8590896,80.3287218,i,79
80.3287218,80.4209859,i,79
80.4209859,80.545667,s,81
80.545667,80.807118,o,81
80.807118,80.8636346,w,83
80.8636346,81.1740598,o,83
81.1740598,81.2762984,i,83
81.2762984,81.3868489,s,84
81.3868489,81.7010454,o,84
81.7010454,81.7251504,g,76
81.7251504,81.8822486,a,76
81.8822486,81.9013664,b,76
81.9013664,82.1690152,a,76
82.1690152,82.2388366,j,74
82.2388366,82.4175462,u,74
82.4175462,82.5131351,N,74
82.5131351,82.7417171,a,74
82.7417171,82.8639046,i,74
82.8639046,82.9304012,ch,76
82.9304012,83.057576,u,76
83.057576,83.3252248,u,72
83.3252248,83.5770806,br,0
83.5770806,83.6094977,ky,72
83.6094977,83.7358413,o,72
83.7358413,83.8563664,o,74
83.8563664,83.9344999,m,72
83.9344999,84.0616746,o,72
84.0616746,84.1140407,w,77
84.1140407,84.2844382,i,77
84.2844382,84.6227397,N,76
84.6227397,84.6709497,k,72
84.6709497,84.9427545,u,72
84.9427545,84.9843149,d,69
84.9843149,85.1572061,e,69
85.1572061,85.3143043,sh,69
85.3143043,85.4356606,u,69
85.4356606,85.525431,N,77
85.525431,85.6409688,s,76
85.6409688,85.9485156,a,76
85.9485156,86.0158434,ts,72
86.0158434,86.2635432,u,72
86.2635432,86.6284433,br,0
86.6284433,86.8254395,a,70
86.8254395,87.0265917,i,72
87.0265917,87.1853523,sh,72
87.1853523,87.3491002,i,72
87.3491002,87.3931542,t,70
87.3931542,87.6666214,e,70
87.6666214,87.709013,r,72
87.709013,87.9284518,u,72
87.9284518,88.061445,n,75
88.061445,88.3024952,o,75
88.3024952,88.4130458,s,74
88.4130458,88.6233412,a,74
88.6233412,88.8943149,i,70
88.8943149,90.6706053,N,72
90.6706053,263.66,pau,0