0,1.6117169,pau,0
1.6117169,2.1278985,br,0
2.1278985,2.2259814,s,81
2.2259814,2.3091024,a,81
2.3091024,2.3714432,g,81
2.3714432,2.5834018,a,81
2.5834018,2.7205515,sh,81
2.7205515,2.8219592,i,81
2.8219592,2.8626885,n,81
2.8626885,3.1344943,i,81
3.1344943,3.1843669,y,82
3.1843669,3.3223478,u,82
3.3223478,3.3722205,k,82
3.3722205,5.3646317,o,82
5.3646317,6.9331257,pau,0
6.9331257,7.4484761,br,0
7.4484761,7.4800621,m,81
7.4800621,7.5690016,i,81
7.5690016,7.6246927,h,81
7.6246927,7.9463711,a,81
7.9463711,7.965489,t,81
7.965489,8.0851833,e,81
8.0851833,8.1300686,n,81
8.1300686,8.384419,u,81
8.384419,8.463384,m,82
8.463384,8.5988713,i,82
8.5988713,8.6246388,r,82
8.6246388,10.0046171,a,82
10.0046171,10.1341168,i,82
10.1341168,24.0485784,pau,0
24.0485784,24.4093237,br,0
24.4093237,24.4533778,n,77
24.4533778,24.6129702,a,77
24.6129702,24.738483,N,77
24.738483,24.7642505,d,77
24.7642505,24.9221805,o,77
24.9221805,24.9604162,k,77
24.9604162,25.1865054,i,77
25.1865054,25.2829258,z,77
25.2829258,25.5347825,u,77
25.5347825,25.5962921,ts,75
25.5962921,25.7259609,u,75
25.7259609,25.7550533,k,80
25.7550533,25.8680979,e,80
25.8680979,25.9188017,r,77
25.9188017,26.1623464,a,77
26.1623464,26.2196999,r,75
26.2196999,26.3867732,e,75
26.3867732,26.4050598,t,80
26.4050598,26.5039738,e,80
26.5039738,26.5754579,m,77
26.5754579,27.433267,o,77
27.433267,27.8472098,br,0
27.8472098,27.9353181,s,77
27.9353181,28.0367257,o,77
28.0367257,28.093248,n,77
28.093248,28.2744519,o,77
28.2744519,28.5587259,i,75
28.5587259,28.5853246,t,73
28.5853246,28.8139074,a,73
28.8139074,28.8995221,m,72
28.8995221,29.1355859,i,72
29.1355859,29.1871209,n,72
29.1871209,29.2976719,o,72
29.2976719,29.3907674,b,70
29.3907674,29.7498503,u,70
29.7498503,29.8570765,N,70
29.8570765,29.8886624,d,77
29.8886624,30.0416052,a,77
30.0416052,30.0723599,k,77
30.0723599,30.3242167,e,77
30.3242167,30.5137326,br,0
30.5137326,30.5710862,k,77
30.5710862,30.6483887,i,77
30.6483887,30.7040798,n,77
30.7040798,30.8568957,o,77
30.8568957,30.8817217,w,75
30.8817217,31.1454525,o,75
31.1454525,31.1928315,y,73
31.1928315,31.4887424,o,73
31.4887424,31.5311341,r,72
31.5311341,31.8195641,i,72
31.8195641,31.9076724,ts,72
31.9076724,31.989131,u,72
31.989131,32.0405057,y,73
32.0405057,32.4997884,o,73
32.4997884,32.5493668,k,73
32.5493668,32.6117076,u,73
32.6117076,32.6948287,n,70
32.6948287,33.0198319,a,70
33.0198319,33.1804123,cl,70
33.1804123,33.1918925,t,77
33.1918925,33.332367,e,77
33.332367,33.3739275,r,77
33.3739275,34.0621697,u,77
34.0621697,34.5384533,pau,0
34.5384533,34.9174852,br,0
34.9174852,34.952396,b,77
34.952396,35.0845585,o,77
35.0845585,35.1344311,k,77
35.1344311,35.2679354,u,77
35.2679354,35.2848802,t,77
35.2848802,35.4311744,a,77
35.4311744,35.5026573,ch,77
35.5026573,35.7844376,i,77
35.7844376,35.8210108,w,77
35.8210108,36.0554122,a,77
36.0554122,36.1676256,h,75
36.1676256,36.3089313,i,75
36.3089313,36.3230619,t,80
36.3230619,36.4568868,o,80
36.4568868,36.4809919,r,77
36.4809919,36.7378359,i,77
36.7378359,36.797683,n,75
36.797683,36.9448073,a,75
36.9448073,37.1143742,N,80
37.1143742,37.1434665,k,82
37.1434665,37.4244157,a,82
37.4244157,37.4726259,j,77
37.4726259,37.5532533,a,77
37.5532533,37.6255686,n,77
37.6255686,38.0270432,a,77
38.0270432,38.1267884,i,77
38.1267884,38.4285178,br,0
38.4285178,38.4692471,k,77
38.4692471,38.6130465,a,77
38.6130465,38.7759637,N,77
38.7759637,38.8291612,j,75
38.8291612,39.1026294,i,75
39.1026294,39.1200848,t,73
39.1200848,39.3985403,e,73
39.3985403,39.4484129,k,72
39.4484129,39.7110754,u,72
39.7110754,39.7476486,r,72
39.7476486,39.8839671,e,72
39.8839671,39.9222028,r,70
39.9222028,40.3095468,u,70
40.3095468,40.416773,n,77
40.416773,40.5530915,a,77
40.5530915,40.5913272,r,77
40.5913272,40.8747699,a,77
40.8747699,41.1008591,br,0
41.1008591,41.124133,m,77
41.124133,41.2329218,o,77
41.2329218,41.2553084,w,77
41.2553084,41.4544188,o,77
41.4544188,41.6976682,i,75
41.6976682,41.7758019,ch,78
41.7758019,42.0384644,i,78
42.0384644,42.0850122,d,77
42.0850122,42.3485059,o,77
42.3485059,42.3958849,w,75
42.3958849,42.5413467,a,75
42.5413467,42.5754263,r,73
42.5754263,42.9611079,a,73
42.9611079,43.2085469,cl,73
43.2085469,43.2304201,t,75
43.2304201,43.6269074,e,75
43.6269074,43.7125221,h,77
43.7125221,43.783175,o,77
43.783175,43.9099214,sh,77
43.9099214,44.0632929,i,77
44.0632929,44.6542834,i,77
44.6542834,45.0457835,br,0
45.0457835,45.1563345,i,80
45.1563345,45.2128568,m,80
45.2128568,45.4580639,a,80
45.4580639,45.5270543,d,82
45.5270543,45.6899716,e,82
45.6899716,45.7298697,k,78
45.7298697,45.8412518,i,78
45.8412518,45.8587073,r,78
45.8587073,45.9974446,u,78
45.9974446,46.0199621,k,77
46.0199621,46.3507838,o,77
46.3507838,46.3715641,t,78
46.3715641,46.7239973,o,78
46.7239973,46.9866597,br,0
46.9866597,47.0357011,h,78
47.0357011,47.1819942,i,78
47.1819942,47.1994496,cl,78
47.1994496,47.3523923,sh,77
47.3523923,47.4612809,i,77
47.4612809,47.5236216,n,75
47.5236216,47.6325102,i,75
47.6325102,47.6749019,y,78
47.6749019,47.8311695,a,78
47.8311695,47.8502873,r,77
47.8502873,48.046453,u,77
48.046453,48.1802778,sh,84
48.1802778,48.3332205,i,84
48.3332205,48.3556632,k,84
48.3556632,48.6000391,a,84
48.6000391,48.6756792,n,77
48.6756792,48.994864,a,77
48.994864,49.2267717,i,75
49.2267717,49.299087,N,75
49.299087,49.3265169,d,77
49.3265169,49.5725552,a,77
49.5725552,49.634896,y,73
49.634896,50.0770999,o,73
50.0770999,50.2849025,br,0
50.2849025,50.3439184,s,77
50.3439184,50.4511446,o,77
50.4511446,50.484393,r,77
50.484393,50.8866988,e,77
50.8866988,50.954858,g,75
50.954858,51.1235937,a,75
51.1235937,51.5982149,i,75
51.5982149,51.6339569,k,77
51.6339569,51.7860684,i,77
51.7860684,51.8076799,r,77
51.8076799,52.1476449,u,77
52.1476449,52.2890649,cl,77
52.2890649,52.3005876,t,75
52.3005876,52.4044889,e,75
52.4044889,52.4457844,y,75
52.4457844,52.7619094,u,75
52.7619094,52.7934954,k,78
52.7934954,52.9605687,o,78
52.9605687,52.9746992,t,77
52.9746992,54.1450434,o,77
54.1450434,54.5764416,pau,0
54.5764416,54.8765086,br,0
54.8765086,54.9305372,s,81
54.9305372,55.0261264,a,81
55.0261264,55.0843111,g,81
55.0843111,55.297101,a,81
55.297101,55.4109768,sh,81
55.4109768,55.5107221,i,81
55.5107221,55.5597635,n,81
55.5597635,55.854012,i,81
55.854012,55.8814419,y,82
55.8814419,56.0451903,u,82
56.0451903,56.0734515,k,82
56.0734515,57.1099708,o,82
57.1099708,57.4914964,br,0
57.4914964,57.5347193,d,77
57.5347193,57.6652193,o,77
57.6652193,57.9910538,N,77
57.9910538,58.0317831,n,77
58.0317831,58.1232163,a,77
58.1232163,58.2204679,n,84
58.2204679,58.4906112,i,84
58.4906112,58.5837068,h,82
58.5837068,58.8646559,a,82
58.8646559,58.8779553,t,81
58.8779553,59.1547483,e,81
59.1547483,59.2129331,n,82
59.2129331,59.4257229,a,82
59.4257229,59.4423471,k,82
59.4423471,59.5221433,u,82
59.5221433,59.544586,t,81
59.544586,59.7972739,e,81
59.7972739,59.8670956,m,77
59.8670956,60.0183759,o,77
60.0183759,60.137239,br,0
60.137239,60.2145415,sh,81
60.2145415,60.3342358,i,81
60.3342358,60.6293155,N,81
60.6293155,60.6775257,j,81
60.6775257,60.8321309,i,81
60.8321309,60.8545735,t,81
60.8545735,61.133029,e,81
61.133029,61.1629526,y,82
61.1629526,61.3483125,u,82
61.3483125,61.3749112,k,82
61.3749112,62.3083605,o,82
62.3083605,62.764695,br,0
62.764695,62.8461536,s,77
62.8461536,62.9974339,o,77
62.9974339,63.0140581,d,77
63.0140581,63.3182811,a,77
63.3182811,63.3340741,t,75
63.3340741,63.4712238,e,75
63.4712238,63.487848,t,74
63.487848,63.6607397,e,74
63.6607397,63.6848448,k,74
63.6848448,63.8095264,i,74
63.8095264,63.8261506,t,82
63.8261506,64.1228927,a,82
64.1228927,64.3714246,o,82
64.3714246,64.4853004,m,86
64.4853004,64.8327464,o,86
64.8327464,65.2899121,i,84
65.2899121,65.5982911,br,0
65.5982911,65.6506574,g,84
65.6506574,65.8634472,e,84
65.8634472,65.9679441,N,84
65.9679441,65.9947785,k,82
65.9947785,66.1693326,a,82
66.1693326,66.27739,i,82
66.27739,66.3181193,k,81
66.3181193,66.838457,o,81
66.838457,67.27318,e,82
67.27318,67.288973,t,77
67.288973,67.5632724,e,77
67.5632724,67.7494635,br,0
67.7494635,67.7727374,h,84
67.7727374,68.1276643,a,84
68.1276643,68.2681388,sh,82
68.2681388,68.5765179,i,82
68.5765179,68.6072726,r,81
68.6072726,68.8799096,i,81
68.8799096,68.9447441,n,81
68.9447441,69.2589416,u,81
69.2589416,69.4235212,i,81
69.4235212,69.4467951,t,82
69.4467951,69.794241,e,82
69.794241,69.904792,y,81
69.904792,70.2331201,a,81
70.2331201,70.3935437,cl,81
70.3935437,70.4168176,t,82
70.4168176,70.6345947,o,82
70.6345947,70.8415661,br,0
70.8415661,70.9088942,s,84
70.9088942,71.1973242,o,84
71.1973242,71.2314038,n,86
71.2314038,71.4425312,o,86
71.4425312,71.5904867,s,86
71.5904867,72.0285397,a,86
72.0285397,72.0717575,k,79
72.0717575,72.1640218,i,79
72.1640218,72.2296874,n,79
72.2296874,72.8663946,i,79
72.8663946,73.2163341,br,0
73.2163341,73.2529074,m,84
73.2529074,73.5654425,i,84
73.5654425,73.8746527,e,82
73.8746527,73.8946018,r,81
73.8946018,74.2087993,u,81
74.2087993,74.3791974,br,0
74.3791974,74.4134899,m,81
74.4134899,74.5229968,i,81
74.5229968,74.5487644,r,81
74.5487644,74.7524109,a,81
74.7524109,74.8313759,i,81
74.8313759,74.8729364,w,81
74.8729364,75.1472358,o,81
75.1472358,75.2037581,y,77
75.2037581,75.290204,u,77
75.290204,75.3766499,m,81
75.3766499,75.6875226,e,81
75.6875226,75.7033156,t,81
75.7033156,75.9551723,o,81
75.9551723,75.9950704,y,81
75.9950704,76.1155959,o,81
76.1155959,76.1829239,b,82
76.1829239,76.4663667,u,82
76.4663667,76.8453986,N,81
76.8453986,76.8703349,d,79
76.8703349,78.3440709,a,79
78.3440709,161.1475854,pau,0
161.1475854,161.5183053,br,0
161.5183053,161.5839709,f,79
161.5839709,161.6737416,u,79
161.6737416,161.7327575,m,79
161.7327575,161.869076,a,79
161.869076,161.8931811,r,79
161.8931811,162.0444614,e,79
162.0444614,162.0752162,t,81
162.0752162,162.184936,e,81
162.184936,162.378608,o,82
162.378608,162.3977258,r,84
162.3977258,162.6969616,a,84
162.6969616,162.7202355,r,82
162.7202355,163.0536782,e,82
163.0536782,163.0668502,t,81
163.0668502,163.3727356,e,81
163.3727356,163.4184522,k,79
163.4184522,163.6761274,i,79
163.6761274,163.7451178,z,77
163.7451178,164.2147517,u,77
164.2147517,164.4948696,br,0
164.4948696,164.5538855,ts,77
164.5538855,164.6802295,u,77
164.6802295,164.705997,k,74
164.705997,164.8115607,e,74
164.8115607,164.868083,r,79
164.868083,165.0027391,a,79
165.0027391,165.0310003,r,77
165.0310003,166.1855515,e,77
166.1855515,166.4748127,pau,0
166.4748127,166.7831917,br,0
166.7831917,166.8779497,s,79
166.8779497,166.9868383,o,79
166.9868383,167.0034625,r,79
167.0034625,167.1156759,e,79
167.1156759,167.1738606,d,79
167.1738606,167.2785931,e,79
167.2785931,167.3342842,m,81
167.3342842,167.4140804,o,81
167.4140804,167.5179817,h,82
167.5179817,167.6035964,a,82
167.6035964,167.6651059,n,84
167.6651059,167.9310933,a,84
167.9310933,168.0300073,s,82
168.0300073,168.2627462,a,82
168.2627462,168.3333991,n,81
168.3333991,168.6522243,a,81
168.6522243,168.6825074,k,79
168.6825074,168.8537368,a,79
168.8537368,168.9784183,cl,79
168.9784183,169.0075107,t,77
169.0075107,169.415635,a,77
169.415635,169.7921733,br,0
169.7921733,169.8162784,y,77
169.8162784,169.9259981,u,77
169.9259981,169.9900013,m,75
169.9900013,170.1163453,e,75
170.1163453,170.1570746,d,74
170.1570746,170.2202466,e,74
170.2202466,170.3407721,sh,72
170.3407721,171.5842628,o,72
171.5842628,172.0962884,br,0
172.0962884,172.1769158,ts,79
172.1769158,172.2863683,u,79
172.2863683,172.3240401,y,79
172.3240401,172.5010879,o,79
172.5010879,172.5842089,i,79
172.5842089,172.6473809,m,81
172.6473809,172.7429701,a,81
172.7429701,172.7878554,n,82
172.7878554,172.8934192,a,82
172.8934192,172.9831899,z,84
172.9831899,173.1976422,a,84
173.1976422,173.3289734,sh,82
173.3289734,173.5899734,i,82
173.5899734,173.6307028,d,81
173.6307028,173.9282761,e,81
173.9282761,174.2258494,i,79
174.2258494,174.3014895,m,81
174.3014895,174.7569928,a,81
174.7569928,174.9232349,br,0
174.9232349,174.9531585,m,81
174.9531585,175.1642859,a,81
175.1642859,175.1967031,e,81
175.1967031,175.2532254,w,74
175.2532254,175.3222159,o,74
175.3222159,175.4202987,m,81
175.4202987,175.5807223,u,81
175.5807223,175.6281013,k,82
175.6281013,176.1941555,u,82
176.1941555,176.5341206,br,0
176.5341206,176.5748499,k,82
176.5748499,176.6571397,i,82
176.6571397,176.7236365,m,82
176.7236365,176.8840601,i,82
176.8840601,176.9056716,t,82
176.9056716,177.0644328,o,82
177.0644328,177.4160348,i,82
177.4160348,177.4492832,cl,82
177.4492832,177.5764584,sh,84
177.5764584,177.693659,o,84
177.693659,177.7385444,n,84
177.7385444,178.843223,i,84
178.843223,179.1274969,br,0
179.1274969,179.2255798,s,82
179.2255798,179.3743664,a,82
179.3743664,179.5115161,a,0
179.5115161,179.53479,k,84
179.53479,179.6935512,a,84
179.6935512,179.7168251,k,82
179.7168251,180.5355673,e,82
180.5355673,180.5787902,d,81
180.5787902,180.6502743,a,81
180.6502743,180.7583317,s,79
180.7583317,180.878026,o,79
180.878026,180.9164614,w,81
180.9164614,182.2977333,o,81
182.2977333,241.6375,pau,0