0,2.3306965,pau,0
2.3306965,2.7363241,br,0
2.7363241,2.7446361,d,79
2.7446361,2.882616,o,79
2.882616,2.9183578,k,81
2.9183578,3.0106215,i,81
3.0106215,3.0438696,d,83
3.0438696,3.2092793,o,83
3.2092793,3.2525019,k,83
3.2525019,3.5666971,i,83
3.5666971,3.6947025,sh,83
3.6947025,4.002248,i,83
4.002248,4.0147161,t,84
4.0147161,4.2042307,a,84
4.2042307,4.4427863,i,83
4.4427863,4.5051266,y,80
4.5051266,5.0337724,o,80
5.0337724,5.2773152,br,0
5.2773152,5.2956017,h,80
5.2956017,5.3429804,a,80
5.3429804,5.4751418,sh,86
5.4751418,5.6854365,i,86
5.6854365,5.7668945,r,84
5.7668945,6.278085,e,84
6.278085,6.546564,br,0
6.546564,6.5781497,k,81
6.5781497,6.701168,o,81
6.701168,6.7236105,r,83
6.7236105,6.8782145,e,83
6.8782145,6.8956697,k,84
6.8956697,7.0294936,a,84
7.0294936,7.0519361,r,84
7.0519361,7.5340345,a,84
7.5340345,7.7709277,br,0
7.7709277,7.8025135,h,86
7.8025135,7.902258,a,86
7.902258,7.9820536,j,84
7.9820536,8.0684988,i,84
8.0684988,8.1241895,m,83
8.1241895,8.272975,a,83
8.272975,8.2895991,r,84
8.2895991,8.6952268,u,84
8.6952268,8.9271327,br,0
8.9271327,8.944588,t,76
8.944588,9.0659438,a,76
9.0659438,9.0858927,k,79
9.0858927,9.4715714,a,79
9.4715714,9.5214437,r,79
9.5214437,9.5812904,a,79
9.5812904,9.6984902,m,84
9.6984902,9.8630686,o,84
9.8630686,9.9112784,n,83
9.9112784,10.104949,o,83
10.104949,10.1623021,w,79
10.1623021,10.2387729,o,79
10.2387729,10.345167,m,84
10.345167,10.5388376,i,84
10.5388376,10.5995155,ts,83
10.5995155,10.7732372,u,83
10.7732372,10.821447,k,79
10.821447,10.9245163,e,79
10.9245163,10.9793758,y,79
10.9793758,12.2336629,o,79
12.2336629,22.2538291,pau,0
22.2538291,22.5921292,br,0
22.5921292,22.6553007,d,76
22.6553007,22.8448152,a,76
22.8448152,22.9794703,i,76
22.9794703,23.0975013,e,76
23.0975013,23.2511848,cl,76
23.2511848,23.2678981,t,76
23.2678981,23.3626554,o,76
23.3626554,23.4150213,w,76
23.4150213,23.7524902,o,78
23.7524902,23.9212246,s,76
23.9212246,24.2063276,u,76
24.2063276,24.2204581,r,75
24.2204581,24.3684125,u,75
24.3684125,24.5163668,cl,75
24.5163668,24.5263413,t,76
24.5263413,24.8172627,e,76
24.8172627,24.8762782,k,83
24.8762782,25.3409213,i,83
25.3409213,25.4888757,m,75
25.4888757,25.9609996,e,75
25.9609996,25.9742989,t,76
25.9742989,26.5835716,a,76
26.5835716,27.0340842,br,0
27.0340842,27.0623452,r,73
27.0623452,27.1753889,a,73
27.1753889,27.3092128,i,75
27.3092128,27.4164381,sh,76
27.4164381,28.0190611,u,76
28.0190611,28.3003771,br,0
28.3003771,28.3224507,k,73
28.3224507,28.4205328,a,73
28.4205328,28.462093,r,75
28.462093,28.5900984,a,75
28.5900984,28.6674004,n,76
28.6674004,28.9525034,i,76
28.9525034,29.0007133,k,76
29.0007133,29.0780152,i,76
29.0780152,29.1303811,m,78
29.1303811,29.427121,e,78
29.427121,29.4445763,t,76
29.4445763,29.8044877,a,76
29.8044877,30.1984785,br,0
30.1984785,30.2350514,b,83
30.2350514,30.4137603,a,83
30.4137603,30.7154875,i,83
30.7154875,30.7312803,t,83
30.7312803,31.0155522,o,83
31.0155522,31.0379947,g,81
31.0379947,31.4760393,a,81
31.4760393,31.7677919,e,80
31.7677919,31.8284698,r,78
31.8284698,32.1119104,i,78
32.1119104,32.1451586,n,76
32.1451586,32.4227808,o,76
32.4227808,32.4593538,k,78
32.4593538,33.0686264,o,78
33.0686264,33.3537295,N,83
33.3537295,33.384484,b,85
33.384484,33.5016838,i,85
33.5016838,33.5939475,n,76
33.5939475,34.1633223,i,76
34.1633223,34.6030293,br,0
34.6030293,34.6337839,y,73
34.6337839,34.785063,o,73
34.785063,34.8033495,k,75
34.8033495,34.9338486,e,75
34.9338486,34.9828896,t,76
34.9828896,35.5447836,e,76
35.5447836,35.8539916,br,0
35.8539916,35.9238127,t,73
35.9238127,36.1374322,o,75
36.1374322,36.2155654,m,76
36.2155654,36.4532898,a,76
36.4532898,36.5131365,w,76
36.5131365,36.6461292,a,76
36.6461292,36.6802085,r,78
36.6802085,36.9112833,i,78
36.9112833,37.0343015,sh,76
37.0343015,37.1556573,i,76
37.1556573,37.170619,t,75
37.170619,37.3135861,a,75
37.3135861,37.337691,r,76
37.337691,38.0649947,i,76
38.0649947,39.8554084,pau,0
39.8554084,40.1837341,br,0
40.1837341,40.2868034,o,79
40.2868034,40.3508061,m,79
40.3508061,40.6309219,e,79
40.6309219,40.8220989,a,76
40.8220989,40.8638742,t,79
40.8638742,41.0323935,e,79
41.0323935,41.1171764,n,78
41.1171764,41.5119983,o,78
41.5119983,41.6242109,f,76
41.6242109,41.8827154,u,76
41.8827154,41.93425,k,74
41.93425,42.1445447,u,74
42.1445447,42.2442892,h,78
42.2442892,42.3008111,o,78
42.3008111,42.4338037,sh,78
42.4338037,42.719738,i,78
42.719738,42.8510682,i,76
42.8510682,42.8917972,n,76
42.8917972,43.3664148,o,76
43.3664148,44.995575,pau,0
44.995575,45.2432738,br,0
45.2432738,45.3995402,a,83
45.3995402,45.4095147,t,83
45.4095147,45.5915484,o,83
45.5915484,45.7278658,s,78
45.7278658,45.8716642,u,78
45.8716642,45.8857946,k,83
45.8857946,46.0520355,o,83
46.0520355,46.1941714,sh,81
46.1941714,46.6197479,i,81
46.6197479,46.6638017,n,79
46.6638017,46.9372679,o,79
46.9372679,46.9813217,g,78
46.9813217,47.2207085,a,78
47.2207085,47.279724,m,81
47.279724,47.430172,a,81
47.430172,47.706963,N,81
47.706963,47.7318991,n,80
47.7318991,47.8540861,a,80
47.8540861,47.9131016,n,80
47.9131016,48.3262101,o,80
48.3262101,50.0650892,pau,0
50.0650892,50.394246,br,0
50.394246,50.4665608,ts,73
50.4665608,50.671037,u,73
50.671037,50.7408582,y,83
50.7408582,50.9544776,o,83
50.9544776,51.2445679,i,80
51.2445679,51.6086353,o,78
51.6086353,51.7058862,m,76
51.7058862,52.026731,o,76
52.026731,52.2852355,i,75
52.2852355,52.3575503,w,76
52.3575503,52.6584462,a,76
52.6584462,52.9319123,br,0
52.9319123,52.9867718,z,75
52.9867718,53.1297389,e,75
53.1297389,53.2860053,cl,75
53.2860053,53.3034606,t,75
53.3034606,53.4647142,a,75
53.4647142,53.5767721,i,75
53.5767721,53.5993693,k,83
53.5993693,53.7090882,a,83
53.7090882,53.777247,n,80
53.777247,54.2053171,a,80
54.2053171,54.3457906,u,76
54.3457906,54.3765452,y,76
54.3765452,54.8486691,o,76
54.8486691,55.1013552,br,0
55.1013552,55.1878004,s,73
55.1878004,55.6117146,o,73
55.6117146,55.6507811,r,76
55.6507811,55.7555129,e,76
55.7555129,55.825334,m,76
55.825334,56.1046186,o,76
56.1046186,56.2600538,br,0
56.2600538,56.2924708,j,76
56.2924708,56.3415118,o,76
56.3415118,56.46453,sh,78
56.46453,56.7197097,i,78
56.7197097,56.7471394,ry,79
56.7471394,56.9050682,o,79
56.9050682,56.9341604,k,81
56.9341604,57.2325627,u,81
57.2325627,57.2483556,d,76
57.2483556,57.4029595,e,76
57.4029595,57.5642131,sh,83
57.5642131,58.2684719,o,83
58.2684719,58.5865943,pau,0
58.5865943,58.9539865,br,0
58.9539865,58.9747666,g,74
58.9747666,59.1493195,a,74
59.1493195,59.2623632,N,74
59.2623632,59.293949,b,78
59.293949,59.4211232,a,78
59.4211232,59.5804693,cl,78
59.5804693,59.5956761,t,81
59.5956761,59.7308795,e,81
59.7308795,59.7621024,y,84
59.7621024,60.0378767,u,84
60.0378767,60.0943986,k,83
60.0943986,60.5789906,o,83
60.5789906,60.8308455,br,0
60.8308455,60.9098099,i,79
60.9098099,61.0095544,s,81
61.0095544,61.097662,o,81
61.097662,61.1541839,g,83
61.1541839,61.2348107,a,83
61.2348107,61.3653098,sh,83
61.3653098,61.8399274,i,83
61.8399274,62.099263,br,0
62.099263,62.1408233,m,79
62.1408233,62.2887776,a,79
62.2887776,62.400159,i,81
62.400159,62.4483688,n,83
62.4483688,62.5772054,i,83
62.5772054,62.6312337,ch,83
62.6312337,63.0634599,i,83
63.0634599,63.1025265,t,83
63.1025265,63.3144835,a,83
63.3144835,63.3867983,n,84
63.3867983,63.4732435,o,84
63.4732435,63.5904433,sh,83
63.5904433,63.7774643,i,83
63.7774643,63.894664,m,80
63.894664,64.3742688,o,80
64.3742688,64.6319421,br,0
64.6319421,64.7765717,i,80
64.7765717,64.8463928,ts,86
64.8463928,65.0899356,u,86
65.0899356,65.1364831,k,84
65.1364831,65.6243999,a,84
65.6243999,65.8937101,br,0
65.8937101,65.999273,e,81
65.999273,66.0458204,g,83
66.0458204,66.1702737,a,83
66.1702737,66.2041679,w,84
66.2041679,66.3217802,o,84
66.3217802,66.3733149,n,84
66.3733149,66.9293904,i,84
66.9293904,67.1538156,br,0
67.1538156,67.1820765,n,86
67.1820765,67.2942891,a,86
67.2942891,67.3242124,r,84
67.3242124,67.4954405,u,84
67.4954405,67.5104022,t,83
67.5104022,67.6841238,o,83
67.6841238,68.27511,i,84
68.27511,68.3898162,i,79
68.3898162,68.43387,n,79
68.43387,68.8469784,e,79
68.8469784,69.0622603,br,0
69.0622603,69.0830404,d,74
69.0830404,69.244294,o,74
69.244294,69.3739619,N,74
69.3739619,69.403054,n,78
69.403054,69.6926873,a,78
69.6926873,69.7064436,t,81
69.7064436,69.8577227,o,81
69.8577227,69.8768404,k,84
69.8768404,70.0912911,i,84
70.0912911,70.1719179,m,83
70.1719179,70.6764588,o,83
70.6764588,70.9399505,br,0
70.9399505,70.9731987,k,79
70.9731987,71.0825816,o,79
71.0825816,71.1177072,w,81
71.1177072,71.2740946,o,81
71.2740946,71.2965371,k,83
71.2965371,71.4594531,a,83
71.4594531,71.9240963,i,83
71.9240963,72.151015,br,0
72.151015,72.2432787,sh,79
72.2432787,72.3762713,i,79
72.3762713,72.387077,t,81
72.387077,72.5333689,a,81
72.5333689,72.554149,k,83
72.554149,72.6538935,u,83
72.6538935,72.7104154,n,83
72.7104154,73.1351607,a,83
73.1351607,73.2290868,i,83
73.2290868,73.4967345,br,0
73.4967345,73.5266579,w,83
73.5266579,73.7967992,a,83
73.7967992,73.8150857,t,84
73.8150857,73.982989,a,84
73.982989,74.1292809,sh,86
74.1292809,74.2930281,i,86
74.2930281,74.3429004,n,84
74.3429004,74.5507014,i,84
74.5507014,74.5997425,n,83
74.5997425,74.752684,a,83
74.752684,74.7734641,r,84
74.7734641,74.992902,u,84
74.992902,75.0045389,t,83
75.0045389,75.1757669,a,83
75.1757669,75.228964,m,81
75.228964,75.3544758,e,81
75.3544758,75.4234658,n,79
75.4234658,76.4849135,i,79
76.4849135,77.8131778,pau,0
77.8131778,78.1988565,br,0
78.1988565,78.2395855,w,76
78.2395855,78.5105581,a,76
78.5105581,78.5546119,k,79
78.5546119,78.6551876,u,79
78.6551876,78.6892669,w,81
78.6892669,78.9810196,a,81
78.9810196,79.0117742,k,83
79.0117742,79.3400998,u,83
79.3400998,79.5096655,sh,79
79.5096655,79.7827719,i,79
79.7827719,79.8039117,t,81
79.8039117,80.1006516,a,81
80.1006516,80.464719,i,79
80.464719,80.7323668,br,0
80.7323668,80.7423412,t,76
80.7423412,80.8886332,a,76
80.8886332,80.9085821,k,78
80.9085821,80.9941961,a,78
80.9941961,81.0673421,r,79
81.0673421,81.2152964,a,79
81.2152964,81.2693247,m,79
81.2693247,81.4729697,o,79
81.4729697,81.5128675,n,79
81.5128675,81.6807707,o,79
81.6807707,81.7065381,d,84
81.7065381,81.901871,o,84
81.901871,81.9268072,k,83
81.9268072,82.1196465,o,83
82.1196465,82.1520635,n,79
82.1520635,82.2991866,i,79
82.2991866,82.5252742,a,84
82.5252742,82.5443919,r,83
82.5443919,82.7580113,u,83
82.7580113,82.8037276,n,79
82.8037276,82.8727175,o,79
82.8727175,82.9840989,m,84
82.9840989,83.1535385,o,84
83.1535385,83.1809152,w,83
83.1809152,83.326555,o,83
83.326555,83.4254683,cl,83
83.4254683,83.4387675,t,79
83.4387675,83.4786653,o,79
83.4786653,83.6108268,s,84
83.6108268,83.7853797,a,84
83.7853797,83.8269399,g,83
83.8269399,83.9807127,a,83
83.9807127,84.0929252,s,79
84.0929252,84.193854,o,79
84.193854,84.2668586,w,79
84.2668586,85.3505371,o,79
85.3505371,239.9625,pau,0