0,5.0346148,pau,0
5.0346148,5.4086575,br,0
5.4086575,5.7702321,a,76
5.7702321,5.9206804,s,83
5.9206804,6.0254124,u,83
6.0254124,6.064479,w,83
6.064479,6.6671034,o,83
6.6671034,6.9979234,br,0
6.9979234,7.032834,m,83
7.032834,7.3079632,a,83
7.3079632,7.3511859,d,81
7.3511859,7.524908,a,81
7.524908,7.6828371,sh,79
7.6828371,7.8341166,i,79
7.8341166,7.9297053,N,79
7.9297053,7.9845649,j,78
7.9845649,8.2621877,i,78
8.2621877,8.275487,t,79
8.275487,8.3985055,e,79
8.3985055,8.4259353,r,78
8.4259353,8.719351,u,78
8.719351,8.7459496,k,74
8.7459496,9.013598,a,74
9.013598,9.0618079,r,74
9.0618079,9.7841259,a,74
9.7841259,10.1390509,br,0
10.1390509,10.1831048,k,74
10.1831048,10.3235786,o,74
10.3235786,10.3568269,k,76
10.3568269,10.5845773,o,76
10.5845773,10.6327873,r,83
10.6327873,10.7699362,o,83
10.7699362,10.8555505,ts,81
10.8555505,11.0808073,u,81
11.0808073,11.1248612,n,81
11.1248612,11.257023,a,81
11.257023,11.3085577,g,83
11.3085577,11.5795309,i,83
11.5795309,11.8762714,i,86
11.8762714,11.9344559,m,83
11.9344559,12.0383566,a,83
12.0383566,12.0849042,w,81
12.0849042,12.3641894,o,81
12.3641894,12.7083087,i,81
12.7083087,12.7440505,k,83
12.7440505,12.9734634,i,83
12.9734634,13.0474407,r,76
13.0474407,14.8727691,u,76
14.8727691,25.540467,pau,0
25.540467,25.9593948,br,0
25.9593948,25.980175,k,75
25.980175,26.1638715,a,75
26.1638715,26.3010205,s,75
26.3010205,26.5711625,u,75
26.5711625,26.5886178,k,74
26.5886178,26.7091427,a,74
26.7091427,26.7723143,n,75
26.7723143,26.9751286,a,75
26.9751286,27.0964847,h,77
27.0964847,27.3716138,i,77
27.3716138,27.3940564,k,72
27.3940564,27.6633672,a,72
27.6633672,27.699109,r,74
27.699109,27.9792254,i,74
27.9792254,28.0216169,n,75
28.0216169,28.2634979,i,75
28.2634979,28.4638185,br,0
28.4638185,28.5136909,k,75
28.5136909,28.7555719,i,75
28.7555719,28.8096002,b,75
28.8096002,29.0730925,o,75
29.0730925,29.1171465,w,0
29.1171465,29.2858813,o,77
29.2858813,29.3124799,t,75
29.3124799,29.5393991,o,75
29.5393991,29.6333254,n,74
29.6333254,29.8236716,a,74
29.8236716,29.9550021,z,72
29.9550021,30.2193256,u,72
30.2193256,30.2392746,k,70
30.2392746,30.5343527,e,70
30.5343527,30.5459896,t,72
30.5459896,30.765428,e,72
30.765428,31.0031529,br,0
31.0031529,31.0405572,d,79
31.0405572,31.3364665,a,79
31.3364665,31.5450992,i,79
31.5450992,31.6265574,j,80
31.6265574,31.7229773,i,80
31.7229773,31.8077603,n,79
31.8077603,32.121125,i,79
32.121125,32.1518796,gy,72
32.1518796,32.3056527,u,72
32.3056527,32.4587318,cl,72
32.4587318,32.4718939,t,72
32.4718939,32.7511791,o,72
32.7511791,32.7619848,d,77
32.7619848,33.0487509,a,77
33.0487509,33.0728559,k,77
33.0728559,33.1343651,i,77
33.1343651,33.2731765,sh,75
33.2731765,33.7752249,i,75
33.7752249,33.8940874,m,74
33.8940874,34.2207514,e,74
34.2207514,34.4684507,br,0
34.4684507,34.5133359,t,75
34.5133359,34.9114835,a,75
34.9114835,35.1242723,N,77
35.1242723,35.1417276,d,77
35.1417276,35.6745307,a,77
35.6745307,36.0319492,br,0
36.0319492,36.0826528,b,75
36.0826528,36.3669253,o,75
36.3669253,36.414304,k,75
36.414304,36.6836148,u,75
36.6836148,36.7068885,r,74
36.7068885,36.8506872,a,74
36.8506872,36.886429,w,75
36.886429,37.1790135,a,75
37.1790135,37.1973001,g,77
37.1973001,37.3485796,e,77
37.3485796,37.4807413,N,77
37.4807413,37.5040151,k,72
37.5040151,37.6902052,a,72
37.6902052,37.7683386,i,72
37.7683386,37.8191812,n,74
37.8191812,38.0002451,a,74
38.0002451,38.1224324,N,74
38.1224324,38.1382253,t,75
38.1382253,38.3501828,e,75
38.3501828,38.5912325,br,0
38.5912325,38.6169999,m,75
38.6169999,38.8954539,i,75
38.8954539,38.9154029,t,75
38.9154029,39.1464782,o,75
39.1464782,39.2030002,m,77
39.2030002,39.3667478,e,77
39.3667478,39.4049832,ch,75
39.4049832,39.6934117,a,75
39.6934117,39.9743593,i,74
39.9743593,40.0292189,n,72
40.0292189,40.3242971,a,72
40.3242971,40.6492986,i,70
40.6492986,40.6900277,y,72
40.6900277,40.8836987,o,72
40.8836987,41.1272421,br,0
41.1272421,41.1538407,k,79
41.1538407,41.4198266,o,79
41.4198266,41.44975,k,79
41.44975,41.7273728,o,79
41.7273728,41.7581274,r,80
41.7581274,41.8877956,o,80
41.8877956,41.9326807,g,79
41.9326807,42.2144595,a,79
42.2144595,42.5203433,u,72
42.5203433,42.5452795,g,72
42.5452795,42.8353704,o,72
42.8353704,42.8586442,k,72
42.8586442,42.9509081,e,72
42.9509081,43.0065989,b,75
43.0065989,43.0988627,a,75
43.0988627,43.1786585,m,77
43.1786585,43.2983522,i,77
43.2983522,43.3249508,r,79
43.3249508,43.769646,a,79
43.769646,43.9541737,i,77
43.9541737,43.9824347,w,77
43.9824347,44.2351213,a,77
44.2351213,44.4587158,br,0
44.4587158,44.5011073,k,77
44.5011073,44.5742534,a,77
44.5742534,44.6316066,w,80
44.6316066,45.242543,a,80
45.242543,45.2658168,r,79
45.2658168,45.5766878,u,79
45.5766878,45.8742596,br,0
45.8742596,46.2640952,o,79
46.2640952,46.3405662,m,77
46.3405662,46.8010543,o,77
46.8010543,47.8633356,i,82
47.8633356,48.3745273,br,0
48.3745273,48.4144252,n,79
48.4144252,48.8533019,e,79
48.8533019,48.8790693,g,77
48.8790693,49.3146213,a,77
49.3146213,50.3336798,u,82
50.3336798,50.9138616,br,0
50.9138616,50.9313169,d,72
50.9313169,51.3660377,e,72
51.3660377,51.41591,j,79
51.41591,51.4907186,a,79
51.4907186,51.5555527,b,79
51.5555527,51.8872039,u,79
51.8872039,52.0426394,br,0
52.0426394,52.1997373,o,79
52.1997373,52.4732041,i,77
52.4732041,52.5022963,k,79
52.5022963,52.6569006,a,79
52.6569006,52.678512,k,74
52.678512,52.8347787,e,74
52.8347787,52.9885518,s,70
52.9885518,53.2586938,a,70
53.2586938,54.5071652,a,72
54.5071652,54.9776278,br,0
54.9776278,55.0324874,f,75
55.0324874,55.2427825,u,75
55.2427825,55.3358776,m,77
55.3358776,55.611838,i,77
55.611838,55.6359429,d,75
55.6359429,55.8321076,a,75
55.8321076,55.9742438,s,79
55.9742438,58.1644716,e,79
58.1644716,59.5550793,pau,0
59.5550793,59.8435078,br,0
59.8435078,59.9282908,s,83
59.9282908,60.0055929,a,83
60.0055929,60.0660839,m,83
60.0660839,60.1867958,e,83
60.1867958,60.2341746,n,83
60.2341746,60.4236896,a,83
60.4236896,60.4827052,i,83
60.4827052,60.5359024,y,81
60.5359024,60.6381407,u,81
60.6381407,60.7004812,m,84
60.7004812,60.8201748,e,84
60.8201748,60.8658912,n,83
60.8658912,61.5092446,o,83
61.5092446,61.728683,br,0
61.728683,61.7602688,h,83
61.7602688,61.8350774,o,83
61.8350774,61.9298348,t,83
61.9298348,62.09192,e,83
62.09192,62.2323938,cl,83
62.2323938,62.2515116,t,83
62.2515116,62.5166663,a,83
62.5166663,62.5740195,b,81
62.5740195,62.6845699,i,81
62.6845699,62.7244678,n,79
62.7244678,62.9954409,e,79
62.9954409,63.0719119,ts,78
63.0719119,63.2472964,u,78
63.2472964,63.362834,n,78
63.362834,63.4442922,o,78
63.4442922,63.5232568,n,78
63.5232568,63.8224909,a,78
63.8224909,63.8532455,k,76
63.8532455,64.0111747,a,76
64.0111747,64.0352797,b,78
64.0352797,64.3104089,o,78
64.3104089,64.3528004,k,79
64.3528004,64.6129678,u,79
64.6129678,64.6279295,r,71
64.6279295,64.7941707,a,71
64.7941707,64.9579183,br,0
64.9579183,65.1091978,a,83
65.1091978,65.1366276,k,83
65.1366276,65.2513341,i,83
65.2513341,65.2638021,r,83
65.2638021,65.4051072,e,83
65.4051072,65.4258873,r,83
65.4258873,65.5813228,u,83
65.5813228,65.6195583,k,81
65.6195583,65.7076662,u,81
65.7076662,65.7409144,r,84
65.7409144,65.9246109,a,84
65.9246109,66.5812637,i,83
66.5812637,66.8397687,br,0
66.8397687,66.9037716,z,83
66.9037716,67.0716752,e,83
67.0716752,67.1614455,N,83
67.1614455,67.1830568,ry,83
67.1830568,67.325193,o,83
67.325193,67.3584413,k,83
67.3584413,67.6319081,u,83
67.6319081,67.651857,d,81
67.651857,67.8164358,e,81
67.8164358,67.8555025,ky,79
67.8555025,68.1422685,o,79
68.1422685,68.1962969,w,81
68.1962969,68.3874743,o,81
68.3874743,68.4546685,w,81
68.4546685,69.0939994,o,81
69.0939994,69.4106889,br,0
69.4106889,69.5212393,a,86
69.5212393,69.5736053,g,84
69.5736053,69.7248848,a,84
69.7248848,69.7548082,k,83
69.7548082,69.9542976,u,83
69.9542976,70.0548736,h,83
70.0548736,70.1953474,i,83
70.1953474,70.2094779,t,83
70.2094779,70.3117162,o,83
70.3117162,70.3333276,r,83
70.3333276,70.4264227,i,83
70.4264227,70.5004,j,83
70.5004,70.609288,a,83
70.609288,70.6566667,n,81
70.6566667,70.7755292,a,81
70.7755292,70.9251463,i,84
70.9251463,70.972525,y,83
70.972525,71.6516203,o,83
71.6516203,71.8536034,br,0
71.8536034,71.9217623,s,83
71.9217623,72.0040517,o,83
72.0040517,72.0514304,n,83
72.0514304,72.2060347,o,83
72.2060347,72.2318021,k,83
72.2318021,72.4587213,o,83
72.4587213,72.6498987,e,83
72.6498987,72.7047583,g,81
72.7047583,72.8078279,a,81
72.8078279,72.8776492,m,79
72.8776492,73.0954252,i,79
73.0954252,73.183533,ch,78
73.183533,73.4894168,i,78
73.4894168,73.5093657,b,76
73.5093657,73.958217,i,78
73.958217,73.9931276,k,76
73.9931276,74.0787419,u,76
74.0787419,74.1710057,h,78
74.1710057,74.5525293,o,78
74.5525293,74.6456244,w,71
74.6456244,74.793579,o,71
74.793579,75.1884019,e,78
75.1884019,75.2557296,h,79
75.2557296,75.309758,a,79
75.309758,75.4419197,sh,81
75.4419197,75.6937751,i,81
75.6937751,75.7245298,r,78
75.7245298,75.9547738,e,78
75.9547738,76.1808619,br,0
76.1808619,76.1958236,n,76
76.1958236,76.3404534,e,76
76.3404534,76.3861697,k,76
76.3861697,76.5116818,u,76
76.5116818,76.6604677,s,83
76.6604677,76.7344451,u,83
76.7344451,76.8250465,t,83
76.8250465,76.9613643,e,83
76.9613643,77.0444849,cl,83
77.0444849,77.0561218,p,83
77.0561218,77.0752395,u,83
77.0752395,77.1217871,n,76
77.1217871,77.2772226,e,76
77.2772226,77.307146,k,76
77.307146,77.4226836,u,76
77.4226836,77.5972369,s,83
77.5972369,77.666227,u,83
77.666227,77.7535036,t,83
77.7535036,78.162457,e,83
78.162457,78.2139917,j,83
78.2139917,78.2738386,i,83
78.2738386,78.5340061,br,0
78.5340061,78.5547862,b,82
78.5547862,78.684481,o,82
78.684481,78.7143778,k,86
78.7143778,78.9994814,u,86
78.9994814,79.0294048,r,83
79.0294048,79.1532545,a,83
79.1532545,79.1931524,w,81
79.1931524,79.409266,o,81
79.409266,79.4965426,m,83
79.4965426,79.7650222,a,83
79.7650222,79.8281938,ts,78
79.8281938,80.0684124,u,78
80.0684124,80.1490393,ts,78
80.1490393,80.2072238,u,78
80.2072238,80.2853571,g,78
80.2853571,80.373465,i,78
80.373465,80.4407926,n,78
80.4407926,80.5180948,o,78
80.5180948,80.5837601,b,78
80.5837601,80.6652183,a,78
80.6652183,80.7624694,sh,79
80.7624694,80.8414339,o,79
80.8414339,80.9012808,m,78
80.9012808,81.015156,a,78
81.015156,81.0766652,d,76
81.0766652,82.1738572,e,76
82.1738572,82.6185524,br,0
82.6185524,82.6667623,k,78
82.6667623,82.8014177,o,78
82.8014177,82.8313411,k,78
82.8313411,82.9294234,o,78
82.9294234,82.9526972,r,78
82.9526972,83.1147824,o,78
83.1147824,83.1430434,k,78
83.1430434,83.2028902,a,78
83.2028902,83.2934917,s,79
83.2934917,83.3932364,a,79
83.3932364,83.4314719,n,78
83.4314719,83.6027003,e,78
83.6027003,83.6226492,t,76
83.6226492,84.7730384,e,76
84.7730384,85.1637052,br,0
85.1637052,85.3598698,u,78
85.3598698,85.4529649,N,78
85.4529649,85.4887067,m,78
85.4887067,85.6640912,e,78
85.6640912,85.8078898,i,78
85.8078898,85.8344884,k,79
85.8344884,85.9949112,o,79
85.9949112,86.1362162,e,78
86.1362162,86.163646,t,76
86.163646,87.3522706,e,76
87.3522706,87.7288069,br,0
87.7288069,87.8235644,i,78
87.8235644,87.8775928,m,78
87.8775928,87.9931304,a,78
87.9931304,88.0230539,w,78
88.0230539,88.1942823,o,78
88.1942823,88.3156384,i,78
88.3156384,88.3613547,k,79
88.3613547,88.4511249,i,79
88.4511249,88.4860356,n,81
88.4860356,88.6348215,u,81
88.6348215,88.6647449,k,83
88.6647449,90.7851514,e,83
90.7851514,252.5725,pau,0