0,48.6142202,pau,0
48.6142202,49.0397931,br,0
49.0397931,49.1037952,s,73
49.1037952,49.2276436,u,73
49.2276436,49.2600603,k,77
49.2600603,49.4346117,o,77
49.4346117,49.5692656,sh,78
49.5692656,49.786208,i,78
49.786208,49.8510414,h,77
49.8510414,50.1203492,a,77
50.1203492,50.1760394,d,75
50.1760394,50.3738643,a,75
50.3738643,50.4902319,z,73
50.4902319,50.6789136,a,73
50.6789136,50.7628645,m,75
50.7628645,50.9573646,u,75
50.9573646,51.2748819,i,73
51.2748819,51.5608136,br,0
51.5608136,51.6156726,h,73
51.6156726,51.684662,a,73
51.684662,51.7154163,r,71
51.7154163,51.853395,u,71
51.853395,51.8725125,k,70
51.8725125,51.9406707,a,70
51.9406707,52.0188032,z,68
52.0188032,52.1301836,e,68
52.1301836,52.1650939,n,66
52.1650939,52.2598503,i,66
52.2598503,52.3356609,f,68
52.3356609,52.6014723,u,68
52.6014723,52.6388762,r,70
52.6388762,52.8308827,e,70
52.8308827,52.8458442,t,70
52.8458442,53.5598425,a,70
53.5598425,54.0369496,br,0
54.0369496,54.0751846,ky,73
54.0751846,54.1632915,o,73
54.1632915,54.2189817,w,77
54.2189817,54.4749904,o,77
54.4749904,54.4932767,g,78
54.4932767,54.7567662,a,78
54.7567662,54.8141188,h,80
54.8141188,55.1133497,o,80
55.1133497,55.4258798,N,78
55.4258798,55.4449973,t,77
55.4449973,55.69685,o,77
55.69685,55.7251107,w,78
55.7251107,55.8847005,o,78
55.8847005,55.9487027,n,78
55.9487027,56.2263225,i,78
56.2263225,56.5504894,br,0
56.5504894,56.6352715,o,78
56.6352715,56.6701817,w,80
56.6701817,56.8405771,a,80
56.8405771,56.8596946,k,78
56.8596946,56.9519575,a,78
56.9519575,56.9702439,r,80
56.9702439,57.0733123,e,80
57.0733123,57.1165345,n,78
57.1165345,57.2013166,o,78
57.2013166,57.2977355,h,80
57.2977355,57.5155091,i,80
57.5155091,57.5778489,n,82
57.5778489,57.7582186,a,82
57.7582186,58.0034217,N,80
58.0034217,58.0749047,d,78
58.0749047,58.1538684,a,78
58.1538684,58.2336633,n,78
58.2336633,58.6442747,e,78
58.6442747,58.9942086,br,0
58.9942086,59.0390932,k,73
59.0390932,59.093121,i,73
59.093121,59.1828903,f,78
59.1828903,59.4314182,u,78
59.4314182,59.4588477,r,78
59.4588477,59.6450359,u,78
59.6450359,59.7946513,sh,77
59.7946513,60.0731023,i,77
60.0731023,60.0872327,t,75
60.0872327,60.3016815,a,75
60.3016815,60.3906196,f,73
60.3906196,60.6574338,u,73
60.6574338,60.7139552,k,75
60.7139552,60.8245044,u,75
60.8245044,60.8843506,m,73
60.8843506,61.1503337,o,73
61.1503337,61.4437462,br,0
61.4437462,61.4703445,m,73
61.4703445,61.5675946,i,73
61.5675946,61.6049984,w,71
61.6049984,61.7504579,a,71
61.7504579,61.7620947,t,70
61.7620947,61.8144601,a,70
61.8144601,61.9250093,s,68
61.9250093,62.0438705,u,68
62.0438705,62.0646504,k,66
62.0646504,62.1236654,e,66
62.1236654,62.2500073,sh,68
62.2500073,62.5068472,i,68
62.5068472,62.5450823,k,73
62.5450823,62.6423323,i,73
62.6423323,62.7237896,m,70
62.7237896,62.9241081,o,70
62.9241081,63.1327386,br,0
63.1327386,63.1975719,k,73
63.1975719,63.3388754,i,73
63.3388754,63.4901533,i,75
63.4901533,63.505946,t,78
63.505946,63.7702667,o,78
63.7702667,63.8201385,k,73
63.8201385,63.9822219,i,73
63.9822219,64.1127199,i,75
64.1127199,64.1276814,t,78
64.1276814,64.3512734,o,78
64.3512734,64.5441111,br,0
64.5441111,64.5948141,k,75
64.5948141,64.6438548,i,75
64.6438548,64.7178313,m,82
64.7178313,64.9996071,i,82
64.9996071,65.0137374,t,83
65.0137374,65.2680837,o,83
65.2680837,65.3171243,n,82
65.3171243,65.6313168,o,82
65.6313168,65.8731951,o,78
65.8731951,65.9405221,m,80
65.9405221,66.2455714,o,80
66.2455714,66.5140481,i,78
66.5140481,66.5630887,d,77
66.5630887,66.872294,e,77
66.872294,66.8880867,t,78
66.8880867,67.0252342,o,78
67.0252342,67.0775996,m,77
67.0775996,67.8281705,o,78
67.8281705,69.593633,pau,0
69.593633,69.9610221,br,0
69.9610221,70.0765585,i,73
70.0765585,70.1413919,m,73
70.1413919,70.1987444,a,73
70.1987444,70.3184368,s,75
70.3184368,70.4850036,u,75
70.4850036,70.5220801,g,73
70.5220801,71.1396595,u,73
71.1396595,72.0390147,pau,0
72.0390147,72.4072349,br,0
72.4072349,72.5950855,i,73
72.5950855,72.7255834,e,73
72.7255834,72.7712992,t,80
72.7712992,72.884342,a,80
72.884342,72.9342138,n,80
72.9342138,73.0264767,a,80
73.0264767,73.0422695,r,78
73.0422695,73.3922034,a,78
73.3922034,73.6565241,br,0
73.6565241,73.8136203,a,73
73.8136203,73.9856781,s,83
73.9856781,74.2682851,u,83
74.2682851,74.2874026,k,82
74.2874026,74.4253813,a,82
74.4253813,74.4461612,r,82
74.4461612,74.6946891,a,82
74.6946891,74.8733965,br,0
74.8733965,74.904982,n,73
74.904982,75.0986509,a,73
75.0986509,75.2100313,n,83
75.2100313,75.5308733,i,83
75.5308733,75.5433413,k,82
75.5433413,75.8217923,a,82
75.8217923,75.8442346,k,80
75.8442346,76.116036,a,80
76.116036,76.1617519,w,78
76.1617519,76.4244101,a,78
76.4244101,76.4543332,r,80
76.4543332,76.7419274,u,80
76.7419274,76.7585513,k,78
76.7585513,76.8749189,a,78
76.8749189,76.9414147,n,82
76.9414147,77.293011,a,82
77.293011,77.3794555,n,82
77.3794555,77.6637249,a,82
77.6637249,77.8947977,N,80
77.8947977,77.9097592,t,78
77.9097592,78.3743983,e,78
78.3743983,79.4948519,pau,0
79.4948519,79.8422923,br,0
79.8422923,80.1664591,i,73
80.1664591,80.1797583,t,80
80.1797583,80.3742584,a,80
80.3742584,80.9186924,i,78
80.9186924,81.9834558,pau,0
81.9834558,82.2693876,br,0
82.2693876,82.3317274,d,73
82.3317274,82.5736057,e,73
82.5736057,82.6542318,m,78
82.6542318,82.8819798,o,78
82.8819798,82.9734115,s,80
82.9734115,83.2385633,o,80
83.2385633,83.5560806,N,82
83.5560806,83.5843413,n,83
83.5843413,83.836194,a,83
83.836194,83.8777538,y,82
83.8777538,84.1902839,u,82
84.1902839,84.494502,u,83
84.494502,84.5319059,k,85
84.5319059,84.734718,i,85
84.734718,84.8219936,m,78
84.8219936,85.0414297,o,78
85.0414297,85.1087566,n,80
85.1087566,85.4204555,a,80
85.4204555,85.5733958,i,78
85.5733958,85.6240988,y,82
85.6240988,87.0263281,o,82
87.0263281,87.5100848,pau,0
87.5100848,87.9024098,br,0
87.9024098,87.9414761,y,78
87.9414761,88.0570125,u,78
88.0570125,88.0786236,r,80
88.0786236,88.2240831,a,80
88.2240831,88.2440318,r,82
88.2440318,88.86078,i,82
88.86078,89.1251006,br,0
89.1251006,89.1483741,y,78
89.1483741,89.2747161,u,78
89.2747161,89.3046392,r,80
89.3046392,89.4376307,a,80
89.4376307,89.4592418,r,82
89.4592418,89.691977,i,82
89.691977,89.74268,n,83
89.74268,90.0286118,a,83
90.0286118,90.0734964,g,82
90.0734964,90.3236867,a,82
90.3236867,90.3832461,r,78
90.3832461,90.6636463,e,78
90.6636463,90.6894134,r,78
90.6894134,91.0011123,u,78
91.0011123,91.0160738,t,73
91.0160738,91.2828881,o,73
91.2828881,91.3169672,k,75
91.3169672,91.5787942,i,75
91.5787942,91.6070549,w,73
91.6070549,92.3991857,o,73
92.3991857,92.809797,br,0
92.809797,92.8546817,m,78
92.8546817,93.0857544,o,80
93.0857544,93.1771861,cl,80
93.1771861,93.1929788,t,82
93.1929788,93.720789,o,82
93.720789,94.0349814,br,0
94.0349814,94.0981524,f,78
94.0981524,94.2211696,u,78
94.2211696,94.2419495,t,80
94.2419495,94.3732786,a,80
94.3732786,94.3990457,r,82
94.3990457,94.7065886,i,82
94.7065886,94.7240438,k,83
94.7240438,94.9975076,a,83
94.9975076,95.2801146,N,82
95.2801146,95.3308176,j,78
95.3308176,95.5377856,i,78
95.5377856,95.6466725,r,85
95.6466725,95.9592025,a,85
95.9592025,95.9808137,r,83
95.9808137,96.2576023,e,83
96.2576023,96.2758886,t,82
96.2758886,96.5501836,a,82
96.5501836,96.5767819,r,83
96.5767819,96.8577265,a,83
96.8577265,97.1935301,i,82
97.1935301,97.3606007,i,80
97.3606007,97.4046542,n,78
97.4046542,97.6257526,a,78
97.6257526,97.7761992,br,0
97.7761992,97.8402014,s,78
97.8402014,97.9615562,a,78
97.9615562,98.0047784,y,80
98.0047784,98.0754302,o,80
98.0754302,98.1336139,n,82
98.1336139,98.631501,a,82
98.631501,99.003046,br,0
99.003046,99.0554114,r,78
99.0554114,99.1543239,a,78
99.1543239,99.2133389,m,80
99.2133389,99.3064329,a,80
99.3064329,99.3546424,d,82
99.3546424,99.5192194,e,82
99.5192194,99.6638477,s,83
99.6638477,99.9497794,u,83
99.9497794,99.9797025,g,82
99.9797025,100.1633971,u,82
100.1633971,100.293895,s,78
100.293895,100.5706836,o,78
100.5706836,100.5947883,k,78
100.5947883,100.8075748,o,78
100.8075748,100.8981752,n,73
100.8981752,101.0926753,a,73
101.0926753,101.2023933,n,75
101.2023933,101.4825067,o,75
101.4825067,101.5348722,n,78
101.5348722,102.0460583,i,78
102.0460583,102.458332,br,0
102.458332,102.6785993,u,82
102.6785993,102.7459262,m,83
102.7459262,103.0526379,a,83
103.0526379,103.0817298,k,85
103.0817298,103.3668304,u,85
103.3668304,103.3859479,k,78
103.3859479,103.533901,o,78
103.533901,103.5455378,t,78
103.5455378,103.8214952,o,78
103.8214952,103.8381191,b,82
103.8381191,104.103271,a,82
104.103271,104.15813,n,80
104.15813,104.7283311,i,80
104.7283311,105.0915642,br,0
105.0915642,105.1040322,d,73
105.1040322,105.2062694,e,73
105.2062694,105.259466,k,73
105.259466,105.3459105,i,73
105.3459105,105.3891327,n,73
105.3891327,105.5345922,a,73
105.5345922,105.7889385,i,82
105.7889385,105.8562655,m,83
105.8562655,106.094819,a,83
106.094819,106.1629772,m,82
106.1629772,106.4605457,a,82
106.4605457,106.4921312,k,83
106.4921312,106.6691762,i,83
106.6691762,106.7556206,m,85
106.7556206,107.0332405,i,85
107.0332405,107.0914242,w,78
107.0914242,107.2867555,o,78
107.2867555,107.3790184,m,80
107.3790184,107.6981981,i,80
107.6981981,107.7131596,t,78
107.7131596,107.8744118,e,78
107.8744118,107.8968542,t,78
107.8968542,109.1868719,a,78
109.1868719,173.2746559,pau,0
173.2746559,173.8938977,br,0
173.8938977,174.030214,i,78
174.030214,174.0834106,ts,78
174.0834106,174.178167,u,78
174.178167,174.1881414,k,78
174.1881414,174.3377569,a,78
174.3377569,174.3668488,k,78
174.3668488,174.4549557,o,78
174.4549557,174.5006715,n,78
174.5006715,174.6344942,o,78
174.6344942,174.6669109,k,80
174.6669109,174.7034836,i,80
174.7034836,174.8198511,s,81
174.8198511,175.3326997,e,81
175.3326997,175.4199754,ts,80
175.4199754,175.7175439,u,80
175.7175439,175.7383239,g,78
175.7383239,176.1971446,a,78
176.1971446,176.3567344,m,73
176.3567344,176.9576899,a,73
176.9576899,176.9718202,t,78
176.9718202,177.2635704,a,78
177.2635704,177.8005237,a,78
177.8005237,178.1787183,br,0
178.1787183,178.215291,m,85
178.215291,178.4729621,e,85
178.4729621,178.5278211,g,83
178.5278211,178.8037785,u,83
178.8037785,178.8237272,r,82
178.8237272,179.0606183,i,82
179.0606183,179.1321013,m,80
179.1321013,179.4329946,e,80
179.4329946,179.4579305,g,79
179.4579305,179.7521743,u,79
179.7521743,180.004027,u,80
180.004027,180.0663667,cl,80
180.0663667,180.0738475,t,79
180.0738475,180.215151,e,79
180.215151,180.2492301,k,79
180.2492301,180.6590102,i,79
180.6590102,180.6764654,t,80
180.6764654,180.7961577,a,80
180.7961577,180.8302368,r,82
180.8302368,181.5284423,a,82
181.5284423,181.9224297,br,0
181.9224297,181.9656519,k,82
181.9656519,182.0612396,i,82
182.0612396,182.117761,m,83
182.117761,182.2141798,i,83
182.2141798,182.2482589,n,82
182.2482589,182.5433339,o,82
182.5433339,182.5666074,k,78
182.5666074,182.7486395,o,78
182.7486395,182.7677571,t,78
182.7677571,182.9988298,o,78
182.9988298,183.0279217,k,78
183.0279217,183.2490201,i,73
183.2490201,183.337127,cl,73
183.337127,183.3545822,t,78
183.3545822,183.9937727,o,78
183.9937727,184.2921724,br,0
184.2921724,184.3794481,o,78
184.3794481,184.4359695,m,82
184.4359695,184.5498435,o,82
184.5498435,184.6662111,i,83
184.6662111,184.7086021,d,85
184.7086021,184.9130766,a,85
184.9130766,185.0734976,sh,78
185.0734976,185.1940212,i,78
185.1940212,185.2039955,t,78
185.2039955,185.3793781,e,78
185.3793781,185.5156195,sh,78
185.5156195,185.5738782,i,78
185.5738782,185.6428676,m,80
185.6428676,185.8174189,a,80
185.8174189,186.5114684,u,78
186.5114684,186.8672208,br,0
186.8672208,186.9037934,h,78
186.9037934,187.0176674,a,78
187.0176674,187.0542401,r,80
187.0542401,187.1772573,u,80
187.1772573,187.2271291,n,82
187.2271291,187.4806442,o,82
187.4806442,187.530516,n,83
187.530516,187.7233537,i,83
187.7233537,188.040871,o,82
188.040871,188.0840932,i,82
188.0840932,188.129809,n,83
188.129809,188.2777621,i,83
188.2777621,188.3018668,k,82
188.3018668,188.7158029,o,82
188.7158029,188.7598564,g,83
188.7598564,188.8953415,a,83
188.8953415,188.9094719,r,82
188.9094719,189.1978972,e,82
189.1978972,189.2128588,t,87
189.2128588,189.4929722,e,87
189.4929722,189.5237265,k,82
189.5237265,191.66489,u,80
191.66489,274.4937835,pau,0